5 1
1000
1000000000000
4604
400 2000 2287401157
400 3000 2287401157
2000 400 2287401157
2000 4600 2287401157
3000 400 2287401157
3000 4600 2287401157
4600 2000 2287401157
4600 3000 2287401157
450 1000 2170293683
450 4000 2170293683
1000 450 2170293683
1000 4550 2170293683
4000 450 2170293683
4000 4550 2170293683
4550 1000 2170293683
4550 4000 2170293683
450 2000 4208961039
450 3000 4208961039
2000 450 4208961039
2000 4550 4208961039
3000 450 4208961039
3000 4550 4208961039
4550 2000 4208961039
4550 3000 4208961039
550 1000 6630332138
550 4000 6630332138
1000 550 6630332138
1000 4450 6630332138
4000 550 6630332138
4000 4450 6630332138
4450 1000 6630332138
4450 4000 6630332138
550 2000 15150754141
550 3000 15150754141
2000 550 15150754141
2000 4450 15150754141
3000 550 15150754141
3000 4450 15150754141
4450 2000 15150754141
4450 3000 15150754141
600 1000 292600000
600 4000 292600000
1000 600 292600000
1000 4400 292600000
4000 600 292600000
4000 4400 292600000
4400 1000 292600000
4400 4000 292600000
600 2000 31087034066
600 3000 31087034066
2000 600 31087034066
2000 4400 31087034066
3000 600 31087034066
3000 4400 31087034066
4400 2000 31087034066
4400 3000 31087034066
650 2000 13389900000
650 3000 13389900000
2000 650 13389900000
2000 4350 13389900000
3000 650 13389900000
3000 4350 13389900000
4350 2000 13389900000
4350 3000 13389900000
700 1000 45694020459
700 4000 45694020459
1000 700 45694020459
1000 4300 45694020459
4000 700 45694020459
4000 4300 45694020459
4300 1000 45694020459
4300 4000 45694020459
700 2000 5329400000
700 3000 5329400000
2000 700 5329400000
2000 4300 5329400000
3000 700 5329400000
3000 4300 5329400000
4300 2000 5329400000
4300 3000 5329400000
800 2000 8113600000
800 3000 8113600000
2000 800 8113600000
2000 4200 8113600000
3000 800 8113600000
3000 4200 8113600000
4200 2000 8113600000
4200 3000 8113600000
850 1000 16511300000
850 4000 16511300000
1000 850 16511300000
1000 4150 16511300000
4000 850 16511300000
4000 4150 16511300000
4150 1000 16511300000
4150 4000 16511300000
850 1600 1117899997
850 3400 1117899997
1600 850 1117899997
1600 4150 1117899997
3400 850 1117899997
3400 4150 1117899997
4150 1600 1117899997
4150 3400 1117899997
900 1500 2074100011
900 3500 2074100011
1500 900 2074100011
1500 4100 2074100011
3500 900 2074100011
3500 4100 2074100011
4100 1500 2074100011
4100 3500 2074100011
900 1550 1215200000
900 3450 1215200000
1550 900 1215200000
1550 4100 1215200000
3450 900 1215200000
3450 4100 1215200000
4100 1550 1215200000
4100 3450 1215200000
950 1000 18958000000
950 4000 18958000000
1000 950 18958000000
1000 4050 18958000000
4000 950 18958000000
4000 4050 18958000000
4050 1000 18958000000
4050 4000 18958000000
950 2000 7596953298
950 3000 7596953298
2000 950 7596953298
2000 4050 7596953298
3000 950 7596953298
3000 4050 7596953298
4050 2000 7596953298
4050 3000 7596953298
1000 1000 8678543414
1000 4000 8678543414
4000 1000 8678543414
4000 4000 8678543414
1000 1150 588800000
1000 3850 588800000
1150 1000 588800000
1150 4000 588800000
3850 1000 588800000
3850 4000 588800000
4000 1150 588800000
4000 3850 588800000
1000 1200 1547200000
1000 3800 1547200000
1200 1000 1547200000
1200 4000 1547200000
3800 1000 1547200000
3800 4000 1547200000
4000 1200 1547200000
4000 3800 1547200000
1000 1350 2842200000
1000 3650 2842200000
1350 1000 2842200000
1350 4000 2842200000
3650 1000 2842200000
3650 4000 2842200000
4000 1350 2842200000
4000 3650 2842200000
1000 1400 5259597268
1000 3600 5259597268
1400 1000 5259597268
1400 4000 5259597268
3600 1000 5259597268
3600 4000 5259597268
4000 1400 5259597268
4000 3600 5259597268
1000 1500 4933500000
1000 3500 4933500000
1500 1000 4933500000
1500 4000 4933500000
3500 1000 4933500000
3500 4000 4933500000
4000 1500 4933500000
4000 3500 4933500000
1000 1550 1196300000
1000 3450 1196300000
1550 1000 1196300000
1550 4000 1196300000
3450 1000 1196300000
3450 4000 1196300000
4000 1550 1196300000
4000 3450 1196300000
1000 1600 3565500000
1000 3400 3565500000
1600 1000 3565500000
1600 4000 3565500000
3400 1000 3565500000
3400 4000 3565500000
4000 1600 3565500000
4000 3400 3565500000
1000 1650 646340153
1000 3350 646340153
1650 1000 646340153
1650 4000 646340153
3350 1000 646340153
3350 4000 646340153
4000 1650 646340153
4000 3350 646340153
1000 1700 5250954539
1000 3300 5250954539
1700 1000 5250954539
1700 4000 5250954539
3300 1000 5250954539
3300 4000 5250954539
4000 1700 5250954539
4000 3300 5250954539
1000 1750 3206900000
1000 3250 3206900000
1750 1000 3206900000
1750 4000 3206900000
3250 1000 3206900000
3250 4000 3206900000
4000 1750 3206900000
4000 3250 3206900000
1000 1800 7485272152
1000 3200 7485272152
1800 1000 7485272152
1800 4000 7485272152
3200 1000 7485272152
3200 4000 7485272152
4000 1800 7485272152
4000 3200 7485272152
1000 1850 2871000000
1000 3150 2871000000
1850 1000 2871000000
1850 4000 2871000000
3150 1000 2871000000
3150 4000 2871000000
4000 1850 2871000000
4000 3150 2871000000
1000 1900 5431800000
1000 3100 5431800000
1900 1000 5431800000
1900 4000 5431800000
3100 1000 5431800000
3100 4000 5431800000
4000 1900 5431800000
4000 3100 5431800000
1000 1950 4787554262
1000 3050 4787554262
1950 1000 4787554262
1950 4000 4787554262
3050 1000 4787554262
3050 4000 4787554262
4000 1950 4787554262
4000 3050 4787554262
1000 2050 3411389033
1000 2950 3411389033
2050 1000 3411389033
2050 4000 3411389033
2950 1000 3411389033
2950 4000 3411389033
4000 2050 3411389033
4000 2950 3411389033
1000 2100 3234799996
1000 2900 3234799996
2100 1000 3234799996
2100 4000 3234799996
2900 1000 3234799996
2900 4000 3234799996
4000 2100 3234799996
4000 2900 3234799996
1000 2200 4614100000
1000 2800 4614100000
2200 1000 4614100000
2200 4000 4614100000
2800 1000 4614100000
2800 4000 4614100000
4000 2200 4614100000
4000 2800 4614100000
1000 2250 1897594950
1000 2750 1897594950
2250 1000 1897594950
2250 4000 1897594950
2750 1000 1897594950
2750 4000 1897594950
4000 2250 1897594950
4000 2750 1897594950
1000 2300 4037900000
1000 2700 4037900000
2300 1000 4037900000
2300 4000 4037900000
2700 1000 4037900000
2700 4000 4037900000
4000 2300 4037900000
4000 2700 4037900000
1000 2350 5523100000
1000 2650 5523100000
2350 1000 5523100000
2350 4000 5523100000
2650 1000 5523100000
2650 4000 5523100000
4000 2350 5523100000
4000 2650 5523100000
1000 2400 1670300000
1000 2600 1670300000
2400 1000 1670300000
2400 4000 1670300000
2600 1000 1670300000
2600 4000 1670300000
4000 2400 1670300000
4000 2600 1670300000
1000 2450 4205700000
1000 2550 4205700000
2450 1000 4205700000
2450 4000 4205700000
2550 1000 4205700000
2550 4000 4205700000
4000 2450 4205700000
4000 2550 4205700000
1050 2000 2412392514
1050 3000 2412392514
2000 1050 2412392514
2000 3950 2412392514
3000 1050 2412392514
3000 3950 2412392514
3950 2000 2412392514
3950 3000 2412392514
1100 2000 1161558418
1100 3000 1161558418
2000 1100 1161558418
2000 3900 1161558418
3000 1100 1161558418
3000 3900 1161558418
3900 2000 1161558418
3900 3000 1161558418
1150 2000 2960949714
1150 3000 2960949714
2000 1150 2960949714
2000 3850 2960949714
3000 1150 2960949714
3000 3850 2960949714
3850 2000 2960949714
3850 3000 2960949714
1200 2000 3281200000
1200 3000 3281200000
2000 1200 3281200000
2000 3800 3281200000
3000 1200 3281200000
3000 3800 3281200000
3800 2000 3281200000
3800 3000 3281200000
1250 2000 2119237532
1250 3000 2119237532
2000 1250 2119237532
2000 3750 2119237532
3000 1250 2119237532
3000 3750 2119237532
3750 2000 2119237532
3750 3000 2119237532
1300 2000 6829343660
1300 3000 6829343660
2000 1300 6829343660
2000 3700 6829343660
3000 1300 6829343660
3000 3700 6829343660
3700 2000 6829343660
3700 3000 6829343660
1350 2000 4667000000
1350 3000 4667000000
2000 1350 4667000000
2000 3650 4667000000
3000 1350 4667000000
3000 3650 4667000000
3650 2000 4667000000
3650 3000 4667000000
1400 2000 5777274857
1400 3000 5777274857
2000 1400 5777274857
2000 3600 5777274857
3000 1400 5777274857
3000 3600 5777274857
3600 2000 5777274857
3600 3000 5777274857
1450 2000 4838500000
1450 3000 4838500000
2000 1450 4838500000
2000 3550 4838500000
3000 1450 4838500000
3000 3550 4838500000
3550 2000 4838500000
3550 3000 4838500000
1550 2000 4047164348
1550 3000 4047164348
2000 1550 4047164348
2000 3450 4047164348
3000 1550 4047164348
3000 3450 4047164348
3450 2000 4047164348
3450 3000 4047164348
1650 2000 6122816988
1650 3000 6122816988
2000 1650 6122816988
2000 3350 6122816988
3000 1650 6122816988
3000 3350 6122816988
3350 2000 6122816988
3350 3000 6122816988
1700 2000 3961100001
1700 3000 3961100001
2000 1700 3961100001
2000 3300 3961100001
3000 1700 3961100001
3000 3300 3961100001
3300 2000 3961100001
3300 3000 3961100001
1750 2000 4362700000
1750 3000 4362700000
2000 1750 4362700000
2000 3250 4362700000
3000 1750 4362700000
3000 3250 4362700000
3250 2000 4362700000
3250 3000 4362700000
1800 2000 3449004897
1800 3000 3449004897
2000 1800 3449004897
2000 3200 3449004897
3000 1800 3449004897
3000 3200 3449004897
3200 2000 3449004897
3200 3000 3449004897
1800 2450 16848441784
1800 2550 16848441784
2450 1800 16848441784
2450 3200 16848441784
2550 1800 16848441784
2550 3200 16848441784
3200 2450 16848441784
3200 2550 16848441784
1850 2000 1284793038
1850 3000 1284793038
2000 1850 1284793038
2000 3150 1284793038
3000 1850 1284793038
3000 3150 1284793038
3150 2000 1284793038
3150 3000 1284793038
1900 2000 2507800000
1900 3000 2507800000
2000 1900 2507800000
2000 3100 2507800000
3000 1900 2507800000
3000 3100 2507800000
3100 2000 2507800000
3100 3000 2507800000
2000 2100 2492204743
2000 2900 2492204743
2100 2000 2492204743
2100 3000 2492204743
2900 2000 2492204743
2900 3000 2492204743
3000 2100 2492204743
3000 2900 2492204743
2000 2200 1524300000
2000 2800 1524300000
2200 2000 1524300000
2200 3000 1524300000
2800 2000 1524300000
2800 3000 1524300000
3000 2200 1524300000
3000 2800 1524300000
2000 2250 2589300000
2000 2750 2589300000
2250 2000 2589300000
2250 3000 2589300000
2750 2000 2589300000
2750 3000 2589300000
3000 2250 2589300000
3000 2750 2589300000
2000 2300 5297816297
2000 2700 5297816297
2300 2000 5297816297
2300 3000 5297816297
2700 2000 5297816297
2700 3000 5297816297
3000 2300 5297816297
3000 2700 5297816297
2000 2350 9963800000
2000 2650 9963800000
2350 2000 9963800000
2350 3000 9963800000
2650 2000 9963800000
2650 3000 9963800000
3000 2350 9963800000
3000 2650 9963800000
2000 2400 6296800000
2000 2600 6296800000
2400 2000 6296800000
2400 3000 6296800000
2600 2000 6296800000
2600 3000 6296800000
3000 2400 6296800000
3000 2600 6296800000
2000 2450 9288000000
2000 2550 9288000000
2450 2000 9288000000
2450 3000 9288000000
2550 2000 9288000000
2550 3000 9288000000
3000 2450 9288000000
3000 2550 9288000000
2050 2300 2851099540
2050 2700 2851099540
2300 2050 2851099540
2300 2950 2851099540
2700 2050 2851099540
2700 2950 2851099540
2950 2300 2851099540
2950 2700 2851099540
2250 2450 4208400000
2250 2550 4208400000
2450 2250 4208400000
2450 2750 4208400000
2550 2250 4208400000
2550 2750 4208400000
2750 2450 4208400000
2750 2550 4208400000
1000 1970 5358314670
1000 3030 5358314670
1970 1000 5358314670
1970 4000 5358314670
3030 1000 5358314670
3030 4000 5358314670
4000 1970 5358314670
4000 3030 5358314670
1000 1045 10002250155
1000 3955 10002250155
1045 1000 10002250155
1045 4000 10002250155
3955 1000 10002250155
3955 4000 10002250155
4000 1045 10002250155
4000 3955 10002250155
998 2000 9763903357
998 3000 9763903357
2000 998 9763903357
2000 4002 9763903357
3000 998 9763903357
3000 4002 9763903357
4002 2000 9763903357
4002 3000 9763903357
990 2000 15906804494
990 3000 15906804494
2000 990 15906804494
2000 4010 15906804494
3000 990 15906804494
3000 4010 15906804494
4010 2000 15906804494
4010 3000 15906804494
1970 2000 5700714522
1970 3000 5700714522
2000 1970 5700714522
2000 3030 5700714522
3000 1970 5700714522
3000 3030 5700714522
3030 2000 5700714522
3030 3000 5700714522
1958 2000 1415690305
1958 3000 1415690305
2000 1958 1415690305
2000 3042 1415690305
3000 1958 1415690305
3000 3042 1415690305
3042 2000 1415690305
3042 3000 1415690305
1000 2109 5259239800
1000 2891 5259239800
2109 1000 5259239800
2109 4000 5259239800
2891 1000 5259239800
2891 4000 5259239800
4000 2109 5259239800
4000 2891 5259239800
1117 2000 981131988
1117 3000 981131988
2000 1117 981131988
2000 3883 981131988
3000 1117 981131988
3000 3883 981131988
3883 2000 981131988
3883 3000 981131988
1176 2000 1798405289
1176 3000 1798405289
2000 1176 1798405289
2000 3824 1798405289
3000 1176 1798405289
3000 3824 1798405289
3824 2000 1798405289
3824 3000 1798405289
1871 2000 2658764009
1871 3000 2658764009
2000 1871 2658764009
2000 3129 2658764009
3000 1871 2658764009
3000 3129 2658764009
3129 2000 2658764009
3129 3000 2658764009
986 1370 8279641505
986 3630 8279641505
1370 986 8279641505
1370 4014 8279641505
3630 986 8279641505
3630 4014 8279641505
4014 1370 8279641505
4014 3630 8279641505
874 2000 12259800000
874 3000 12259800000
2000 874 12259800000
2000 4126 12259800000
3000 874 12259800000
3000 4126 12259800000
4126 2000 12259800000
4126 3000 12259800000
1220 2000 5311399440
1220 3000 5311399440
2000 1220 5311399440
2000 3780 5311399440
3000 1220 5311399440
3000 3780 5311399440
3780 2000 5311399440
3780 3000 5311399440
1232 2000 3774408592
1232 3000 3774408592
2000 1232 3774408592
2000 3768 3774408592
3000 1232 3774408592
3000 3768 3774408592
3768 2000 3774408592
3768 3000 3774408592
1372 2000 6472000000
1372 3000 6472000000
2000 1372 6472000000
2000 3628 6472000000
3000 1372 6472000000
3000 3628 6472000000
3628 2000 6472000000
3628 3000 6472000000
1867 2500 463142201
2500 1867 463142201
2500 3133 463142201
3133 2500 463142201
1574 1811 3080300000
1574 3189 3080300000
1811 1574 3080300000
1811 3426 3080300000
3189 1574 3080300000
3189 3426 3080300000
3426 1811 3080300000
3426 3189 3080300000
1430 2000 2436600000
1430 3000 2436600000
2000 1430 2436600000
2000 3570 2436600000
3000 1430 2436600000
3000 3570 2436600000
3570 2000 2436600000
3570 3000 2436600000
1000 1930 2506154522
1000 3070 2506154522
1930 1000 2506154522
1930 4000 2506154522
3070 1000 2506154522
3070 4000 2506154522
4000 1930 2506154522
4000 3070 2506154522
1000 1914 2375208047
1000 3086 2375208047
1914 1000 2375208047
1914 4000 2375208047
3086 1000 2375208047
3086 4000 2375208047
4000 1914 2375208047
4000 3086 2375208047
1261 2000 2744583274
1261 3000 2744583274
2000 1261 2744583274
2000 3739 2744583274
3000 1261 2744583274
3000 3739 2744583274
3739 2000 2744583274
3739 3000 2744583274
1480 2000 4858611385
1480 3000 4858611385
2000 1480 4858611385
2000 3520 4858611385
3000 1480 4858611385
3000 3520 4858611385
3520 2000 4858611385
3520 3000 4858611385
1881 2000 3007900000
1881 3000 3007900000
2000 1881 3007900000
2000 3119 3007900000
3000 1881 3007900000
3000 3119 3007900000
3119 2000 3007900000
3119 3000 3007900000
1570 2000 5525341938
1570 3000 5525341938
2000 1570 5525341938
2000 3430 5525341938
3000 1570 5525341938
3000 3430 5525341938
3430 2000 5525341938
3430 3000 5525341938
1000 1870 5293719298
1000 3130 5293719298
1870 1000 5293719298
1870 4000 5293719298
3130 1000 5293719298
3130 4000 5293719298
4000 1870 5293719298
4000 3130 5293719298
1936 2000 2314700000
1936 3000 2314700000
2000 1936 2314700000
2000 3064 2314700000
3000 1936 2314700000
3000 3064 2314700000
3064 2000 2314700000
3064 3000 2314700000
1460 2000 3446900000
1460 3000 3446900000
2000 1460 3446900000
2000 3540 3446900000
3000 1460 3446900000
3000 3540 3446900000
3540 2000 3446900000
3540 3000 3446900000
1000 2030 2818725443
1000 2970 2818725443
2030 1000 2818725443
2030 4000 2818725443
2970 1000 2818725443
2970 4000 2818725443
4000 2030 2818725443
4000 2970 2818725443
1280 2000 7973900001
1280 3000 7973900001
2000 1280 7973900001
2000 3720 7973900001
3000 1280 7973900001
3000 3720 7973900001
3720 2000 7973900001
3720 3000 7973900001
1270 2000 5048145658
1270 3000 5048145658
2000 1270 5048145658
2000 3730 5048145658
3000 1270 5048145658
3000 3730 5048145658
3730 2000 5048145658
3730 3000 5048145658
1780 2000 5820644391
1780 3000 5820644391
2000 1780 5820644391
2000 3220 5820644391
3000 1780 5820644391
3000 3220 5820644391
3220 2000 5820644391
3220 3000 5820644391
1770 2000 5054000000
1770 3000 5054000000
2000 1770 5054000000
2000 3230 5054000000
3000 1770 5054000000
3000 3230 5054000000
3230 2000 5054000000
3230 3000 5054000000
1760 2000 6106500000
1760 3000 6106500000
2000 1760 6106500000
2000 3240 6106500000
3000 1760 6106500000
3000 3240 6106500000
3240 2000 6106500000
3240 3000 6106500000
1641 1741 24932857094
1641 3259 24932857094
1741 1641 24932857094
1741 3359 24932857094
3259 1641 24932857094
3259 3359 24932857094
3359 1741 24932857094
3359 3259 24932857094
2208 2420 4677892007
2208 2580 4677892007
2420 2208 4677892007
2420 2792 4677892007
2580 2208 4677892007
2580 2792 4677892007
2792 2420 4677892007
2792 2580 4677892007
999 999 7321215827
999 4001 7321215827
4001 999 7321215827
4001 4001 7321215827
1026 2000 0
1026 3000 0
2000 1026 0
2000 3974 0
3000 1026 0
3000 3974 0
3974 2000 0
3974 3000 0
1000 2170 1665103156
1000 2830 1665103156
2170 1000 1665103156
2170 4000 1665103156
2830 1000 1665103156
2830 4000 1665103156
4000 2170 1665103156
4000 2830 1665103156
1000 2164 1118400000
1000 2836 1118400000
2164 1000 1118400000
2164 4000 1118400000
2836 1000 1118400000
2836 4000 1118400000
4000 2164 1118400000
4000 2836 1118400000
1000 2180 1801100000
1000 2820 1801100000
2180 1000 1801100000
2180 4000 1801100000
2820 1000 1801100000
2820 4000 1801100000
4000 2180 1801100000
4000 2820 1801100000
1000 2316 2257600000
1000 2684 2257600000
2316 1000 2257600000
2316 4000 2257600000
2684 1000 2257600000
2684 4000 2257600000
4000 2316 2257600000
4000 2684 2257600000
1000 2320 2948565142
1000 2680 2948565142
2320 1000 2948565142
2320 4000 2948565142
2680 1000 2948565142
2680 4000 2948565142
4000 2320 2948565142
4000 2680 2948565142
1000 2464 2083700000
1000 2536 2083700000
2464 1000 2083700000
2464 4000 2083700000
2536 1000 2083700000
2536 4000 2083700000
4000 2464 2083700000
4000 2536 2083700000
1327 2000 3461200000
1327 3000 3461200000
2000 1327 3461200000
2000 3673 3461200000
3000 1327 3461200000
3000 3673 3461200000
3673 2000 3461200000
3673 3000 3461200000
1000 2306 852000000
1000 2694 852000000
2306 1000 852000000
2306 4000 852000000
2694 1000 852000000
2694 4000 852000000
4000 2306 852000000
4000 2694 852000000
1982 2250 1313865515
1982 2750 1313865515
2250 1982 1313865515
2250 3018 1313865515
2750 1982 1313865515
2750 3018 1313865515
3018 2250 1313865515
3018 2750 1313865515
1000 1817 4973200000
1000 3183 4973200000
1817 1000 4973200000
1817 4000 4973200000
3183 1000 4973200000
3183 4000 4973200000
4000 1817 4973200000
4000 3183 4973200000
1000 2330 3942800000
1000 2670 3942800000
2330 1000 3942800000
2330 4000 3942800000
2670 1000 3942800000
2670 4000 3942800000
4000 2330 3942800000
4000 2670 3942800000
1000 2430 5173726365
1000 2570 5173726365
2430 1000 5173726365
2430 4000 5173726365
2570 1000 5173726365
2570 4000 5173726365
4000 2430 5173726365
4000 2570 5173726365
1000 2422 3734500000
1000 2578 3734500000
2422 1000 3734500000
2422 4000 3734500000
2578 1000 3734500000
2578 4000 3734500000
4000 2422 3734500000
4000 2578 3734500000
1000 2380 4177700001
1000 2620 4177700001
2380 1000 4177700001
2380 4000 4177700001
2620 1000 4177700001
2620 4000 4177700001
4000 2380 4177700001
4000 2620 4177700001
1000 2370 6293120699
1000 2630 6293120699
2370 1000 6293120699
2370 4000 6293120699
2630 1000 6293120699
2630 4000 6293120699
4000 2370 6293120699
4000 2630 6293120699
1000 2360 3450900000
1000 2640 3450900000
2360 1000 3450900000
2360 4000 3450900000
2640 1000 3450900000
2640 4000 3450900000
4000 2360 3450900000
4000 2640 3450900000
1730 2000 4696619009
1730 3000 4696619009
2000 1730 4696619009
2000 3270 4696619009
3000 1730 4696619009
3000 3270 4696619009
3270 2000 4696619009
3270 3000 4696619009
1720 2000 3684400000
1720 3000 3684400000
2000 1720 3684400000
2000 3280 3684400000
3000 1720 3684400000
3000 3280 3684400000
3280 2000 3684400000
3280 3000 3684400000
1710 2000 5187200000
1710 3000 5187200000
2000 1710 5187200000
2000 3290 5187200000
3000 1710 5187200000
3000 3290 5187200000
3290 2000 5187200000
3290 3000 5187200000
1680 2000 4374460843
1680 3000 4374460843
2000 1680 4374460843
2000 3320 4374460843
3000 1680 4374460843
3000 3320 4374460843
3320 2000 4374460843
3320 3000 4374460843
1670 2000 3518900000
1670 3000 3518900000
2000 1670 3518900000
2000 3330 3518900000
3000 1670 3518900000
3000 3330 3518900000
3330 2000 3518900000
3330 3000 3518900000
1607 2000 5187857967
1607 3000 5187857967
2000 1607 5187857967
2000 3393 5187857967
3000 1607 5187857967
3000 3393 5187857967
3393 2000 5187857967
3393 3000 5187857967
1820 2000 4480568112
1820 3000 4480568112
2000 1820 4480568112
2000 3180 4480568112
3000 1820 4480568112
3000 3180 4480568112
3180 2000 4480568112
3180 3000 4480568112
978 1000 21118900000
978 4000 21118900000
1000 978 21118900000
1000 4022 21118900000
4000 978 21118900000
4000 4022 21118900000
4022 1000 21118900000
4022 4000 21118900000
1136 2000 1552074473
1136 3000 1552074473
2000 1136 1552074473
2000 3864 1552074473
3000 1136 1552074473
3000 3864 1552074473
3864 2000 1552074473
3864 3000 1552074473
978 2000 24323034858
978 3000 24323034858
2000 978 24323034858
2000 4022 24323034858
3000 978 24323034858
3000 4022 24323034858
4022 2000 24323034858
4022 3000 24323034858
914 2000 16049700000
914 3000 16049700000
2000 914 16049700000
2000 4086 16049700000
3000 914 16049700000
3000 4086 16049700000
4086 2000 16049700000
4086 3000 16049700000
1000 1430 5004100000
1000 3570 5004100000
1430 1000 5004100000
1430 4000 5004100000
3570 1000 5004100000
3570 4000 5004100000
4000 1430 5004100000
4000 3570 5004100000
1000 1422 1857100000
1000 3578 1857100000
1422 1000 1857100000
1422 4000 1857100000
3578 1000 1857100000
3578 4000 1857100000
4000 1422 1857100000
4000 3578 1857100000
2000 2230 2867574716
2000 2770 2867574716
2230 2000 2867574716
2230 3000 2867574716
2770 2000 2867574716
2770 3000 2867574716
3000 2230 2867574716
3000 2770 2867574716
2000 2219 86296015
2000 2781 86296015
2219 2000 86296015
2219 3000 86296015
2781 2000 86296015
2781 3000 86296015
3000 2219 86296015
3000 2781 86296015
1854 2500 9815947358
2500 1854 9815947358
2500 3146 9815947358
3146 2500 9815947358
2000 2266 3762010946
2000 2734 3762010946
2266 2000 3762010946
2266 3000 3762010946
2734 2000 3762010946
2734 3000 3762010946
3000 2266 3762010946
3000 2734 3762010946
1492 2000 5461395875
1492 3000 5461395875
2000 1492 5461395875
2000 3508 5461395875
3000 1492 5461395875
3000 3508 5461395875
3508 2000 5461395875
3508 3000 5461395875
670 2000 26457200000
670 3000 26457200000
2000 670 26457200000
2000 4330 26457200000
3000 670 26457200000
3000 4330 26457200000
4330 2000 26457200000
4330 3000 26457200000
660 2000 2406300000
660 3000 2406300000
2000 660 2406300000
2000 4340 2406300000
3000 660 2406300000
3000 4340 2406300000
4340 2000 2406300000
4340 3000 2406300000
1000 1370 4417305110
1000 3630 4417305110
1370 1000 4417305110
1370 4000 4417305110
3630 1000 4417305110
3630 4000 4417305110
4000 1370 4417305110
4000 3630 4417305110
1284 2000 821700000
1284 3000 821700000
2000 1284 821700000
2000 3716 821700000
3000 1284 821700000
3000 3716 821700000
3716 2000 821700000
3716 3000 821700000
1000 1380 4110100000
1000 3620 4110100000
1380 1000 4110100000
1380 4000 4110100000
3620 1000 4110100000
3620 4000 4110100000
4000 1380 4110100000
4000 3620 4110100000
1000 1567 697900000
1000 3433 697900000
1567 1000 697900000
1567 4000 697900000
3433 1000 697900000
3433 4000 697900000
4000 1567 697900000
4000 3433 697900000
2000 2186 1875800000
2000 2814 1875800000
2186 2000 1875800000
2186 3000 1875800000
2814 2000 1875800000
2814 3000 1875800000
3000 2186 1875800000
3000 2814 1875800000
1000 1662 2268000000
1000 3338 2268000000
1662 1000 2268000000
1662 4000 2268000000
3338 1000 2268000000
3338 4000 2268000000
4000 1662 2268000000
4000 3338 2268000000
2000 2271 3304200000
2000 2729 3304200000
2271 2000 3304200000
2271 3000 3304200000
2729 2000 3304200000
2729 3000 3304200000
3000 2271 3304200000
3000 2729 3304200000
1000 1320 3439300000
1000 3680 3439300000
1320 1000 3439300000
1320 4000 3439300000
3680 1000 3439300000
3680 4000 3439300000
4000 1320 3439300000
4000 3680 3439300000
985 1420 3552900000
985 3580 3552900000
1420 985 3552900000
1420 4015 3552900000
3580 985 3552900000
3580 4015 3552900000
4015 1420 3552900000
4015 3580 3552900000
1000 1227 9077300000
1000 3773 9077300000
1227 1000 9077300000
1227 4000 9077300000
3773 1000 9077300000
3773 4000 9077300000
4000 1227 9077300000
4000 3773 9077300000
1000 1830 1764000000
1000 3170 1764000000
1830 1000 1764000000
1830 4000 1764000000
3170 1000 1764000000
3170 4000 1764000000
4000 1830 1764000000
4000 3170 1764000000
1000 1828 1537478229
1000 3172 1537478229
1828 1000 1537478229
1828 4000 1537478229
3172 1000 1537478229
3172 4000 1537478229
4000 1828 1537478229
4000 3172 1537478229
1107 2000 2064241750
1107 3000 2064241750
2000 1107 2064241750
2000 3893 2064241750
3000 1107 2064241750
3000 3893 2064241750
3893 2000 2064241750
3893 3000 2064241750
620 2000 0
620 3000 0
2000 620 0
2000 4380 0
3000 620 0
3000 4380 0
4380 2000 0
4380 3000 0
2000 2033 227486755
2000 2967 227486755
2033 2000 227486755
2033 3000 227486755
2967 2000 227486755
2967 3000 227486755
3000 2033 227486755
3000 2967 227486755
1000 2340 4972900000
1000 2660 4972900000
2340 1000 4972900000
2340 4000 4972900000
2660 1000 4972900000
2660 4000 4972900000
4000 2340 4972900000
4000 2660 4972900000
1000 1767 2535900000
1000 3233 2535900000
1767 1000 2535900000
1767 4000 2535900000
3233 1000 2535900000
3233 4000 2535900000
4000 1767 2535900000
4000 3233 2535900000
958 1649 475200000
958 3351 475200000
1649 958 475200000
1649 4042 475200000
3351 958 475200000
3351 4042 475200000
4042 1649 475200000
4042 3351 475200000
1000 1470 5475700990
1000 3530 5475700990
1470 1000 5475700990
1470 4000 5475700990
3530 1000 5475700990
3530 4000 5475700990
4000 1470 5475700990
4000 3530 5475700990
1000 1460 3793998970
1000 3540 3793998970
1460 1000 3793998970
1460 4000 3793998970
3540 1000 3793998970
3540 4000 3793998970
4000 1460 3793998970
4000 3540 3793998970
530 2000 4203780878
530 3000 4203780878
2000 530 4203780878
2000 4470 4203780878
3000 530 4203780878
3000 4470 4203780878
4470 2000 4203780878
4470 3000 4203780878
1180 2000 2266175239
1180 3000 2266175239
2000 1180 2266175239
2000 3820 2266175239
3000 1180 2266175239
3000 3820 2266175239
3820 2000 2266175239
3820 3000 2266175239
966 1452 544000000
966 3548 544000000
1452 966 544000000
1452 4034 544000000
3548 966 544000000
3548 4034 544000000
4034 1452 544000000
4034 3548 544000000
1000 1620 4122700000
1000 3380 4122700000
1620 1000 4122700000
1620 4000 4122700000
3380 1000 4122700000
3380 4000 4122700000
4000 1620 4122700000
4000 3380 4122700000
1000 1530 3930500000
1000 3470 3930500000
1530 1000 3930500000
1530 4000 3930500000
3470 1000 3930500000
3470 4000 3930500000
4000 1530 3930500000
4000 3470 3930500000
1000 1520 3743000000
1000 3480 3743000000
1520 1000 3743000000
1520 4000 3743000000
3480 1000 3743000000
3480 4000 3743000000
4000 1520 3743000000
4000 3480 3743000000
1520 2098 3129400000
1520 2902 3129400000
2098 1520 3129400000
2098 3480 3129400000
2902 1520 3129400000
2902 3480 3129400000
3480 2098 3129400000
3480 2902 3129400000
1000 2210 4009600001
1000 2790 4009600001
2210 1000 4009600001
2210 4000 4009600001
2790 1000 4009600001
2790 4000 4009600001
4000 2210 4009600001
4000 2790 4009600001
2000 2489 10643902881
2000 2511 10643902881
2489 2000 10643902881
2489 3000 10643902881
2511 2000 10643902881
2511 3000 10643902881
3000 2489 10643902881
3000 2511 10643902881
1592 2000 2740577489
1592 3000 2740577489
2000 1592 2740577489
2000 3408 2740577489
3000 1592 2740577489
3000 3408 2740577489
3408 2000 2740577489
3408 3000 2740577489
1993 2000 1322427076
1993 3000 1322427076
2000 1993 1322427076
2000 3007 1322427076
3000 1993 1322427076
3000 3007 1322427076
3007 2000 1322427076
3007 3000 1322427076
1000 2078 4018479020
1000 2922 4018479020
2078 1000 4018479020
2078 4000 4018479020
2922 1000 4018479020
2922 4000 4018479020
4000 2078 4018479020
4000 2922 4018479020
2000 2465 9280205085
2000 2535 9280205085
2465 2000 9280205085
2465 3000 9280205085
2535 2000 9280205085
2535 3000 9280205085
3000 2465 9280205085
3000 2535 9280205085
1890 2000 5063572503
1890 3000 5063572503
2000 1890 5063572503
2000 3110 5063572503
3000 1890 5063572503
3000 3110 5063572503
3110 2000 5063572503
3110 3000 5063572503
2000 2030 1922128757
2000 2970 1922128757
2030 2000 1922128757
2030 3000 1922128757
2970 2000 1922128757
2970 3000 1922128757
3000 2030 1922128757
3000 2970 1922128757
1336 2000 4057100000
1336 3000 4057100000
2000 1336 4057100000
2000 3664 4057100000
3000 1336 4057100000
3000 3664 4057100000
3664 2000 4057100000
3664 3000 4057100000
1000 2280 4429731545
1000 2720 4429731545
2280 1000 4429731545
2280 4000 4429731545
2720 1000 4429731545
2720 4000 4429731545
4000 2280 4429731545
4000 2720 4429731545
1000 1819 1752300000
1000 3181 1752300000
1819 1000 1752300000
1819 4000 1752300000
3181 1000 1752300000
3181 4000 1752300000
4000 1819 1752300000
4000 3181 1752300000
1000 2256 939039719
1000 2744 939039719
2256 1000 939039719
2256 4000 939039719
2744 1000 939039719
2744 4000 939039719
4000 2256 939039719
4000 2744 939039719
780 2000 30734300000
780 3000 30734300000
2000 780 30734300000
2000 4220 30734300000
3000 780 30734300000
3000 4220 30734300000
4220 2000 30734300000
4220 3000 30734300000
1000 2479 3219300000
1000 2521 3219300000
2479 1000 3219300000
2479 4000 3219300000
2521 1000 3219300000
2521 4000 3219300000
4000 2479 3219300000
4000 2521 3219300000
2000 2137 2292540574
2000 2863 2292540574
2137 2000 2292540574
2137 3000 2292540574
2863 2000 2292540574
2863 3000 2292540574
3000 2137 2292540574
3000 2863 2292540574
1311 2000 6738000000
1311 3000 6738000000
2000 1311 6738000000
2000 3689 6738000000
3000 1311 6738000000
3000 3689 6738000000
3689 2000 6738000000
3689 3000 6738000000
1000 1210 4197300000
1000 3790 4197300000
1210 1000 4197300000
1210 4000 4197300000
3790 1000 4197300000
3790 4000 4197300000
4000 1210 4197300000
4000 3790 4197300000
519 1000 1434781569
519 4000 1434781569
1000 519 1434781569
1000 4481 1434781569
4000 519 1434781569
4000 4481 1434781569
4481 1000 1434781569
4481 4000 1434781569
2000 2043 1415884895
2000 2957 1415884895
2043 2000 1415884895
2043 3000 1415884895
2957 2000 1415884895
2957 3000 1415884895
3000 2043 1415884895
3000 2957 1415884895
2000 2430 9073453183
2000 2570 9073453183
2430 2000 9073453183
2430 3000 9073453183
2570 2000 9073453183
2570 3000 9073453183
3000 2430 9073453183
3000 2570 9073453183
988 2330 848500000
988 2670 848500000
2330 988 848500000
2330 4012 848500000
2670 988 848500000
2670 4012 848500000
4012 2330 848500000
4012 2670 848500000
1000 1306 5908500000
1000 3694 5908500000
1306 1000 5908500000
1306 4000 5908500000
3694 1000 5908500000
3694 4000 5908500000
4000 1306 5908500000
4000 3694 5908500000
1000 1440 5633400000
1000 3560 5633400000
1440 1000 5633400000
1440 4000 5633400000
3560 1000 5633400000
3560 4000 5633400000
4000 1440 5633400000
4000 3560 5633400000
900 1483 2034934369
900 3517 2034934369
1483 900 2034934369
1483 4100 2034934369
3517 900 2034934369
3517 4100 2034934369
4100 1483 2034934369
4100 3517 2034934369
940 2262 3102105325
940 2738 3102105325
2262 940 3102105325
2262 4060 3102105325
2738 940 3102105325
2738 4060 3102105325
4060 2262 3102105325
4060 2738 3102105325
1832 2000 3604658765
1832 3000 3604658765
2000 1832 3604658765
2000 3168 3604658765
3000 1832 3604658765
3000 3168 3604658765
3168 2000 3604658765
3168 3000 3604658765
1691 2000 4506500000
1691 3000 4506500000
2000 1691 4506500000
2000 3309 4506500000
3000 1691 4506500000
3000 3309 4506500000
3309 2000 4506500000
3309 3000 4506500000
670 1000 23811448394
670 4000 23811448394
1000 670 23811448394
1000 4330 23811448394
4000 670 23811448394
4000 4330 23811448394
4330 1000 23811448394
4330 4000 23811448394
1000 1628 6861300000
1000 3372 6861300000
1628 1000 6861300000
1628 4000 6861300000
3372 1000 6861300000
3372 4000 6861300000
4000 1628 6861300000
4000 3372 6861300000
2189 2499 817283865
2189 2501 817283865
2499 2189 817283865
2499 2811 817283865
2501 2189 817283865
2501 2811 817283865
2811 2499 817283865
2811 2501 817283865
1072 2500 0
2500 1072 0
2500 3928 0
3928 2500 0
1158 2000 479503403
1158 3000 479503403
2000 1158 479503403
2000 3842 479503403
3000 1158 479503403
3000 3842 479503403
3842 2000 479503403
3842 3000 479503403
1464 2000 2690300000
1464 3000 2690300000
2000 1464 2690300000
2000 3536 2690300000
3000 1464 2690300000
3000 3536 2690300000
3536 2000 2690300000
3536 3000 2690300000
2000 2115 2117900539
2000 2885 2117900539
2115 2000 2117900539
2115 3000 2117900539
2885 2000 2117900539
2885 3000 2117900539
3000 2115 2117900539
3000 2885 2117900539
1000 2221 3525570128
1000 2779 3525570128
2221 1000 3525570128
2221 4000 3525570128
2779 1000 3525570128
2779 4000 3525570128
4000 2221 3525570128
4000 2779 3525570128
1906 2000 1133807571
1906 3000 1133807571
2000 1906 1133807571
2000 3094 1133807571
3000 1906 1133807571
3000 3094 1133807571
3094 2000 1133807571
3094 3000 1133807571
1242 2000 2211700000
1242 3000 2211700000
2000 1242 2211700000
2000 3758 2211700000
3000 1242 2211700000
3000 3758 2211700000
3758 2000 2211700000
3758 3000 2211700000
1205 1605 1479264114
1205 3395 1479264114
1605 1205 1479264114
1605 3795 1479264114
3395 1205 1479264114
3395 3795 1479264114
3795 1605 1479264114
3795 3395 1479264114
1000 2122 2762000000
1000 2878 2762000000
2122 1000 2762000000
2122 4000 2762000000
2878 1000 2762000000
2878 4000 2762000000
4000 2122 2762000000
4000 2878 2762000000
1499 1863 7914849581
1499 3137 7914849581
1863 1499 7914849581
1863 3501 7914849581
3137 1499 7914849581
3137 3501 7914849581
3501 1863 7914849581
3501 3137 7914849581
1389 2000 4693185667
1389 3000 4693185667
2000 1389 4693185667
2000 3611 4693185667
3000 1389 4693185667
3000 3611 4693185667
3611 2000 4693185667
3611 3000 4693185667
1925 2000 1896505146
1925 3000 1896505146
2000 1925 1896505146
2000 3075 1896505146
3000 1925 1896505146
3000 3075 1896505146
3075 2000 1896505146
3075 3000 1896505146
1000 1730 3776300000
1000 3270 3776300000
1730 1000 3776300000
1730 4000 3776300000
3270 1000 3776300000
3270 4000 3776300000
4000 1730 3776300000
4000 3270 3776300000
1000 2187 3791500000
1000 2813 3791500000
2187 1000 3791500000
2187 4000 3791500000
2813 1000 3791500000
2813 4000 3791500000
4000 2187 3791500000
4000 2813 3791500000
1640 1768 1006771045
1640 3232 1006771045
1768 1640 1006771045
1768 3360 1006771045
3232 1640 1006771045
3232 3360 1006771045
3360 1768 1006771045
3360 3232 1006771045
2000 2059 500200000
2000 2941 500200000
2059 2000 500200000
2059 3000 500200000
2941 2000 500200000
2941 3000 500200000
3000 2059 500200000
3000 2941 500200000
1000 2497 2356100000
1000 2503 2356100000
2497 1000 2356100000
2497 4000 2356100000
2503 1000 2356100000
2503 4000 2356100000
4000 2497 2356100000
4000 2503 2356100000
2000 2314 5410930555
2000 2686 5410930555
2314 2000 5410930555
2314 3000 5410930555
2686 2000 5410930555
2686 3000 5410930555
3000 2314 5410930555
3000 2686 5410930555
1000 1544 4267316970
1000 3456 4267316970
1544 1000 4267316970
1544 4000 4267316970
3456 1000 4267316970
3456 4000 4267316970
4000 1544 4267316970
4000 3456 4267316970
999 1834 645199998
999 3166 645199998
1834 999 645199998
1834 4001 645199998
3166 999 645199998
3166 4001 645199998
4001 1834 645199998
4001 3166 645199998
1000 1383 3068800000
1000 3617 3068800000
1383 1000 3068800000
1383 4000 3068800000
3617 1000 3068800000
3617 4000 3068800000
4000 1383 3068800000
4000 3617 3068800000
978 2130 1025600000
978 2870 1025600000
2130 978 1025600000
2130 4022 1025600000
2870 978 1025600000
2870 4022 1025600000
4022 2130 1025600000
4022 2870 1025600000
2000 2330 5193200000
2000 2670 5193200000
2330 2000 5193200000
2330 3000 5193200000
2670 2000 5193200000
2670 3000 5193200000
3000 2330 5193200000
3000 2670 5193200000
1000 2440 6787700000
1000 2560 6787700000
2440 1000 6787700000
2440 4000 6787700000
2560 1000 6787700000
2560 4000 6787700000
4000 2440 6787700000
4000 2560 6787700000
1000 1878 2075506350
1000 3122 2075506350
1878 1000 2075506350
1878 4000 2075506350
3122 1000 2075506350
3122 4000 2075506350
4000 1878 2075506350
4000 3122 2075506350
1000 1408 2613100000
1000 3592 2613100000
1408 1000 2613100000
1408 4000 2613100000
3592 1000 2613100000
3592 4000 2613100000
4000 1408 2613100000
4000 3592 2613100000
1000 2487 3581900000
1000 2513 3581900000
2487 1000 3581900000
2487 4000 3581900000
2513 1000 3581900000
2513 4000 3581900000
4000 2487 3581900000
4000 2513 3581900000
1603 2215 7209843500
1603 2785 7209843500
2215 1603 7209843500
2215 3397 7209843500
2785 1603 7209843500
2785 3397 7209843500
3397 2215 7209843500
3397 2785 7209843500
1944 2000 2028900008
1944 3000 2028900008
2000 1944 2028900008
2000 3056 2028900008
3000 1944 2028900008
3000 3056 2028900008
3056 2000 2028900008
3056 3000 2028900008
1913 2000 1954216465
1913 3000 1954216465
2000 1913 1954216465
2000 3087 1954216465
3000 1913 1954216465
3000 3087 1954216465
3087 2000 1954216465
3087 3000 1954216465
987 1000 9352300000
987 4000 9352300000
1000 987 9352300000
1000 4013 9352300000
4000 987 9352300000
4000 4013 9352300000
4013 1000 9352300000
4013 4000 9352300000
2135 2370 0
2135 2630 0
2370 2135 0
2370 2865 0
2630 2135 0
2630 2865 0
2865 2370 0
2865 2630 0
780 1000 23946600000
780 4000 23946600000
1000 780 23946600000
1000 4220 23946600000
4000 780 23946600000
4000 4220 23946600000
4220 1000 23946600000
4220 4000 23946600000
753 1000 16245800001
753 4000 16245800001
1000 753 16245800001
1000 4247 16245800001
4000 753 16245800001
4000 4247 16245800001
4247 1000 16245800001
4247 4000 16245800001
903 1635 2783100000
903 3365 2783100000
1635 903 2783100000
1635 4097 2783100000
3365 903 2783100000
3365 4097 2783100000
4097 1635 2783100000
4097 3365 2783100000
1292 2000 867300000
1292 3000 867300000
2000 1292 867300000
2000 3708 867300000
3000 1292 867300000
3000 3708 867300000
3708 2000 867300000
3708 3000 867300000
1000 1390 4576100000
1000 3610 4576100000
1390 1000 4576100000
1390 4000 4576100000
3610 1000 4576100000
3610 4000 4576100000
4000 1390 4576100000
4000 3610 4576100000
863 1516 225256276
863 3484 225256276
1516 863 225256276
1516 4137 225256276
3484 863 225256276
3484 4137 225256276
4137 1516 225256276
4137 3484 225256276
1000 2386 2260100000
1000 2614 2260100000
2386 1000 2260100000
2386 4000 2260100000
2614 1000 2260100000
2614 4000 2260100000
4000 2386 2260100000
4000 2614 2260100000
1000 1335 5596400000
1000 3665 5596400000
1335 1000 5596400000
1335 4000 5596400000
3665 1000 5596400000
3665 4000 5596400000
4000 1335 5596400000
4000 3665 5596400000
1000 1854 564923348
1000 3146 564923348
1854 1000 564923348
1854 4000 564923348
3146 1000 564923348
3146 4000 564923348
4000 1854 564923348
4000 3146 564923348
1340 2000 3340091639
1340 3000 3340091639
2000 1340 3340091639
2000 3660 3340091639
3000 1340 3340091639
3000 3660 3340091639
3660 2000 3340091639
3660 3000 3340091639
1419 2000 4055725081
1419 3000 4055725081
2000 1419 4055725081
2000 3581 4055725081
3000 1419 4055725081
3000 3581 4055725081
3581 2000 4055725081
3581 3000 4055725081
930 1000 26090470098
930 4000 26090470098
1000 930 26090470098
1000 4070 26090470098
4000 930 26090470098
4000 4070 26090470098
4070 1000 26090470098
4070 4000 26090470098
920 1000 2328200000
920 4000 2328200000
1000 920 2328200000
1000 4080 2328200000
4000 920 2328200000
4000 4080 2328200000
4080 1000 2328200000
4080 4000 2328200000
1000 1290 8310000000
1000 3710 8310000000
1290 1000 8310000000
1290 4000 8310000000
3710 1000 8310000000
3710 4000 8310000000
4000 1290 8310000000
4000 3710 8310000000
987 1935 7357134732
987 3065 7357134732
1935 987 7357134732
1935 4013 7357134732
3065 987 7357134732
3065 4013 7357134732
4013 1935 7357134732
4013 3065 7357134732
1973 2270 2508300000
1973 2730 2508300000
2270 1973 2508300000
2270 3027 2508300000
2730 1973 2508300000
2730 3027 2508300000
3027 2270 2508300000
3027 2730 2508300000
1000 1260 8783500000
1000 3740 8783500000
1260 1000 8783500000
1260 4000 8783500000
3740 1000 8783500000
3740 4000 8783500000
4000 1260 8783500000
4000 3740 8783500000
582 2000 3373667333
582 3000 3373667333
2000 582 3373667333
2000 4418 3373667333
3000 582 3373667333
3000 4418 3373667333
4418 2000 3373667333
4418 3000 3373667333
830 1000 38144699996
830 4000 38144699996
1000 830 38144699996
1000 4170 38144699996
4000 830 38144699996
4000 4170 38144699996
4170 1000 38144699996
4170 4000 38144699996
805 1000 17015400002
805 4000 17015400002
1000 805 17015400002
1000 4195 17015400002
4000 805 17015400002
4000 4195 17015400002
4195 1000 17015400002
4195 4000 17015400002
1560 2000 6284747683
1560 3000 6284747683
2000 1560 6284747683
2000 3440 6284747683
3000 1560 6284747683
3000 3440 6284747683
3440 2000 6284747683
3440 3000 6284747683
961 2000 18913494844
961 3000 18913494844
2000 961 18913494844
2000 4039 18913494844
3000 961 18913494844
3000 4039 18913494844
4039 2000 18913494844
4039 3000 18913494844
1073 2480 1805574047
1073 2520 1805574047
2480 1073 1805574047
2480 3927 1805574047
2520 1073 1805574047
2520 3927 1805574047
3927 2480 1805574047
3927 2520 1805574047
1999 1999 2419709585
1999 3001 2419709585
3001 1999 2419709585
3001 3001 2419709585
820 2000 10519946942
820 3000 10519946942
2000 820 10519946942
2000 4180 10519946942
3000 820 10519946942
3000 4180 10519946942
4180 2000 10519946942
4180 3000 10519946942
1996 2049 2577684064
1996 2951 2577684064
2049 1996 2577684064
2049 3004 2577684064
2951 1996 2577684064
2951 3004 2577684064
3004 2049 2577684064
3004 2951 2577684064
1190 2000 3528100000
1190 3000 3528100000
2000 1190 3528100000
2000 3810 3528100000
3000 1190 3528100000
3000 3810 3528100000
3810 2000 3528100000
3810 3000 3528100000
1170 2000 10704
1170 3000 10704
2000 1170 10704
2000 3830 10704
3000 1170 10704
3000 3830 10704
3830 2000 10704
3830 3000 10704
1438 2000 3750000000
1438 3000 3750000000
2000 1438 3750000000
2000 3562 3750000000
3000 1438 3750000000
3000 3562 3750000000
3562 2000 3750000000
3562 3000 3750000000
1470 2000 3440900000
1470 3000 3440900000
2000 1470 3440900000
2000 3530 3440900000
3000 1470 3440900000
3000 3530 3440900000
3530 2000 3440900000
3530 3000 3440900000
994 1000 31278322994
994 4000 31278322994
1000 994 31278322994
1000 4006 31278322994
4000 994 31278322994
4000 4006 31278322994
4006 1000 31278322994
4006 4000 31278322994
1861 2497 1927522566
1861 2503 1927522566
2497 1861 1927522566
2497 3139 1927522566
2503 1861 1927522566
2503 3139 1927522566
3139 2497 1927522566
3139 2503 1927522566
1461 1885 1229578656
1461 3115 1229578656
1885 1461 1229578656
1885 3539 1229578656
3115 1461 1229578656
3115 3539 1229578656
3539 1885 1229578656
3539 3115 1229578656
1527 1840 3744938711
1527 3160 3744938711
1840 1527 3744938711
1840 3473 3744938711
3160 1527 3744938711
3160 3473 3744938711
3473 1840 3744938711
3473 3160 3744938711
880 2000 9367900000
880 3000 9367900000
2000 880 9367900000
2000 4120 9367900000
3000 880 9367900000
3000 4120 9367900000
4120 2000 9367900000
4120 3000 9367900000
890 2000 7154973566
890 3000 7154973566
2000 890 7154973566
2000 4110 7154973566
3000 890 7154973566
3000 4110 7154973566
4110 2000 7154973566
4110 3000 7154973566
1000 2086 2658657177
1000 2914 2658657177
2086 1000 2658657177
2086 4000 2658657177
2914 1000 2658657177
2914 4000 2658657177
4000 2086 2658657177
4000 2914 2658657177
1000 1935 1747298792
1000 3065 1747298792
1935 1000 1747298792
1935 4000 1747298792
3065 1000 1747298792
3065 4000 1747298792
4000 1935 1747298792
4000 3065 1747298792
1000 2192 779300000
1000 2808 779300000
2192 1000 779300000
2192 4000 779300000
2808 1000 779300000
2808 4000 779300000
4000 2192 779300000
4000 2808 779300000
1457 1889 2691165160
1457 3111 2691165160
1889 1457 2691165160
1889 3543 2691165160
3111 1457 2691165160
3111 3543 2691165160
3543 1889 2691165160
3543 3111 2691165160
1602 2203 5282132539
1602 2797 5282132539
2203 1602 5282132539
2203 3398 5282132539
2797 1602 5282132539
2797 3398 5282132539
3398 2203 5282132539
3398 2797 5282132539
989 2424 987700005
989 2576 987700005
2424 989 987700005
2424 4011 987700005
2576 989 987700005
2576 4011 987700005
4011 2424 987700005
4011 2576 987700005
1240 1648 3120499995
1240 3352 3120499995
1648 1240 3120499995
1648 3760 3120499995
3352 1240 3120499995
3352 3760 3120499995
3760 1648 3120499995
3760 3352 3120499995
1000 2230 3955861254
1000 2770 3955861254
2230 1000 3955861254
2230 4000 3955861254
2770 1000 3955861254
2770 4000 3955861254
4000 2230 3955861254
4000 2770 3955861254
630 1000 50893799989
630 4000 50893799989
1000 630 50893799989
1000 4370 50893799989
4000 630 50893799989
4000 4370 50893799989
4370 1000 50893799989
4370 4000 50893799989
1920 2495 240932753
1920 2505 240932753
2495 1920 240932753
2495 3080 240932753
2505 1920 240932753
2505 3080 240932753
3080 2495 240932753
3080 2505 240932753
925 1520 2632805253
925 3480 2632805253
1520 925 2632805253
1520 4075 2632805253
3480 925 2632805253
3480 4075 2632805253
4075 1520 2632805253
4075 3480 2632805253
933 2395 383100000
933 2605 383100000
2395 933 383100000
2395 4067 383100000
2605 933 383100000
2605 4067 383100000
4067 2395 383100000
4067 2605 383100000
1313 1725 1356605510
1313 3275 1356605510
1725 1313 1356605510
1725 3687 1356605510
3275 1313 1356605510
3275 3687 1356605510
3687 1725 1356605510
3687 3275 1356605510
991 1441 1827900000
991 3559 1827900000
1441 991 1827900000
1441 4009 1827900000
3559 991 1827900000
3559 4009 1827900000
4009 1441 1827900000
4009 3559 1827900000
1000 1557 2712000000
1000 3443 2712000000
1557 1000 2712000000
1557 4000 2712000000
3443 1000 2712000000
3443 4000 2712000000
4000 1557 2712000000
4000 3443 2712000000
1221 1610 3581418257
1221 3390 3581418257
1610 1221 3581418257
1610 3779 3581418257
3390 1221 3581418257
3390 3779 3581418257
3779 1610 3581418257
3779 3390 3581418257
1070 2000 1875196860
1070 3000 1875196860
2000 1070 1875196860
2000 3930 1875196860
3000 1070 1875196860
3000 3930 1875196860
3930 2000 1875196860
3930 3000 1875196860
730 2000 4940699998
730 3000 4940699998
2000 730 4940699998
2000 4270 4940699998
3000 730 4940699998
3000 4270 4940699998
4270 2000 4940699998
4270 3000 4940699998
1000 1270 6239100000
1000 3730 6239100000
1270 1000 6239100000
1270 4000 6239100000
3730 1000 6239100000
3730 4000 6239100000
4000 1270 6239100000
4000 3730 6239100000
2000 2087 1747530609
2000 2913 1747530609
2087 2000 1747530609
2087 3000 1747530609
2913 2000 1747530609
2913 3000 1747530609
3000 2087 1747530609
3000 2913 1747530609
1111 2000 671900000
1111 3000 671900000
2000 1111 671900000
2000 3889 671900000
3000 1111 671900000
3000 3889 671900000
3889 2000 671900000
3889 3000 671900000
1249 2000 1685151865
1249 3000 1685151865
2000 1249 1685151865
2000 3751 1685151865
3000 1249 1685151865
3000 3751 1685151865
3751 2000 1685151865
3751 3000 1685151865
1000 2144 3149716466
1000 2856 3149716466
2144 1000 3149716466
2144 4000 3149716466
2856 1000 3149716466
2856 4000 3149716466
4000 2144 3149716466
4000 2856 3149716466
503 1000 2716010073
503 4000 2716010073
1000 503 2716010073
1000 4497 2716010073
4000 503 2716010073
4000 4497 2716010073
4497 1000 2716010073
4497 4000 2716010073
1517 2090 1732600000
1517 2910 1732600000
2090 1517 1732600000
2090 3483 1732600000
2910 1517 1732600000
2910 3483 1732600000
3483 2090 1732600000
3483 2910 1732600000
2000 2108 1808324273
2000 2892 1808324273
2108 2000 1808324273
2108 3000 1808324273
2892 2000 1808324273
2892 3000 1808324273
3000 2108 1808324273
3000 2892 1808324273
1986 2000 1608983401
1986 3000 1608983401
2000 1986 1608983401
2000 3014 1608983401
3000 1986 1608983401
3000 3014 1608983401
3014 2000 1608983401
3014 3000 1608983401
1210 2000 2164900000
1210 3000 2164900000
2000 1210 2164900000
2000 3790 2164900000
3000 1210 2164900000
3000 3790 2164900000
3790 2000 2164900000
3790 3000 2164900000
2000 2246 4519200000
2000 2754 4519200000
2246 2000 4519200000
2246 3000 4519200000
2754 2000 4519200000
2754 3000 4519200000
3000 2246 4519200000
3000 2754 4519200000
2000 2381 6115100000
2000 2619 6115100000
2381 2000 6115100000
2381 3000 6115100000
2619 2000 6115100000
2619 3000 6115100000
3000 2381 6115100000
3000 2619 6115100000
969 2000 8687261039
969 3000 8687261039
2000 969 8687261039
2000 4031 8687261039
3000 969 8687261039
3000 4031 8687261039
4031 2000 8687261039
4031 3000 8687261039
1860 2000 1700597740
1860 3000 1700597740
2000 1860 1700597740
2000 3140 1700597740
3000 1860 1700597740
3000 3140 1700597740
3140 2000 1700597740
3140 3000 1700597740
2000 2368 14175800000
2000 2632 14175800000
2368 2000 14175800000
2368 3000 14175800000
2632 2000 14175800000
2632 3000 14175800000
3000 2368 14175800000
3000 2632 14175800000
1000 1484 6137100000
1000 3516 6137100000
1484 1000 6137100000
1484 4000 6137100000
3516 1000 6137100000
3516 4000 6137100000
4000 1484 6137100000
4000 3516 6137100000
908 2381 91996353
908 2619 91996353
2381 908 91996353
2381 4092 91996353
2619 908 91996353
2619 4092 91996353
4092 2381 91996353
4092 2619 91996353
817 2365 703762964
817 2635 703762964
2365 817 703762964
2365 4183 703762964
2635 817 703762964
2635 4183 703762964
4183 2365 703762964
4183 2635 703762964
2000 2155 1754369302
2000 2845 1754369302
2155 2000 1754369302
2155 3000 1754369302
2845 2000 1754369302
2845 3000 1754369302
3000 2155 1754369302
3000 2845 1754369302
895 2391 1306100000
895 2609 1306100000
2391 895 1306100000
2391 4105 1306100000
2609 895 1306100000
2609 4105 1306100000
4105 2391 1306100000
4105 2609 1306100000
1330 2000 1225600000
1330 3000 1225600000
2000 1330 1225600000
2000 3670 1225600000
3000 1330 1225600000
3000 3670 1225600000
3670 2000 1225600000
3670 3000 1225600000
1197 1593 0
1197 3407 0
1593 1197 0
1593 3803 0
3407 1197 0
3407 3803 0
3803 1593 0
3803 3407 0
866 2453 842069941
866 2547 842069941
2453 866 842069941
2453 4134 842069941
2547 866 842069941
2547 4134 842069941
4134 2453 842069941
4134 2547 842069941
906 2237 926270509
906 2763 926270509
2237 906 926270509
2237 4094 926270509
2763 906 926270509
2763 4094 926270509
4094 2237 926270509
4094 2763 926270509
1918 2000 3676300000
1918 3000 3676300000
2000 1918 3676300000
2000 3082 3676300000
3000 1918 3676300000
3000 3082 3676300000
3082 2000 3676300000
3082 3000 3676300000
970 1439 2551200000
970 3561 2551200000
1439 970 2551200000
1439 4030 2551200000
3561 970 2551200000
3561 4030 2551200000
4030 1439 2551200000
4030 3561 2551200000
2237 2448 2081100000
2237 2552 2081100000
2448 2237 2081100000
2448 2763 2081100000
2552 2237 2081100000
2552 2763 2081100000
2763 2448 2081100000
2763 2552 2081100000
1000 1690 5135900000
1000 3310 5135900000
1690 1000 5135900000
1690 4000 5135900000
3310 1000 5135900000
3310 4000 5135900000
4000 1690 5135900000
4000 3310 5135900000
964 1000 10890480593
964 4000 10890480593
1000 964 10890480593
1000 4036 10890480593
4000 964 10890480593
4000 4036 10890480593
4036 1000 10890480593
4036 4000 10890480593
930 1481 1646500000
930 3519 1646500000
1481 930 1646500000
1481 4070 1646500000
3519 930 1646500000
3519 4070 1646500000
4070 1481 1646500000
4070 3519 1646500000
977 1467 1716400000
977 3533 1716400000
1467 977 1716400000
1467 4023 1716400000
3533 977 1716400000
3533 4023 1716400000
4023 1467 1716400000
4023 3533 1716400000
915 1480 701900000
915 3520 701900000
1480 915 701900000
1480 4085 701900000
3520 915 701900000
3520 4085 701900000
4085 1480 701900000
4085 3520 701900000
1000 1152 1863802513
1000 3848 1863802513
1152 1000 1863802513
1152 4000 1863802513
3848 1000 1863802513
3848 4000 1863802513
4000 1152 1863802513
4000 3848 1863802513
2000 2178 3045893188
2000 2822 3045893188
2178 2000 3045893188
2178 3000 3045893188
2822 2000 3045893188
2822 3000 3045893188
3000 2178 3045893188
3000 2822 3045893188
1000 1668 2248800000
1000 3332 2248800000
1668 1000 2248800000
1668 4000 2248800000
3332 1000 2248800000
3332 4000 2248800000
4000 1668 2248800000
4000 3332 2248800000
1429 1903 2887193864
1429 3097 2887193864
1903 1429 2887193864
1903 3571 2887193864
3097 1429 2887193864
3097 3571 2887193864
3571 1903 2887193864
3571 3097 2887193864
1962 2000 2780200000
1962 3000 2780200000
2000 1962 2780200000
2000 3038 2780200000
3000 1962 2780200000
3000 3038 2780200000
3038 2000 2780200000
3038 3000 2780200000
1000 1977 2040967054
1000 3023 2040967054
1977 1000 2040967054
1977 4000 2040967054
3023 1000 2040967054
3023 4000 2040967054
4000 1977 2040967054
4000 3023 2040967054
1979 2000 2849630247
1979 3000 2849630247
2000 1979 2849630247
2000 3021 2849630247
3000 1979 2849630247
3000 3021 2849630247
3021 2000 2849630247
3021 3000 2849630247
1000 2065 1609359759
1000 2935 1609359759
2065 1000 1609359759
2065 4000 1609359759
2935 1000 1609359759
2935 4000 1609359759
4000 2065 1609359759
4000 2935 1609359759
1000 1925 4283581352
1000 3075 4283581352
1925 1000 4283581352
1925 4000 4283581352
3075 1000 4283581352
3075 4000 4283581352
4000 1925 4283581352
4000 3075 4283581352
1000 1365 4320306956
1000 3635 4320306956
1365 1000 4320306956
1365 4000 4320306956
3635 1000 4320306956
3635 4000 4320306956
4000 1365 4320306956
4000 3635 4320306956
2000 2124 1178766442
2000 2876 1178766442
2124 2000 1178766442
2124 3000 1178766442
2876 2000 1178766442
2876 3000 1178766442
3000 2124 1178766442
3000 2876 1178766442
2000 2207 1054400000
2000 2793 1054400000
2207 2000 1054400000
2207 3000 1054400000
2793 2000 1054400000
2793 3000 1054400000
3000 2207 1054400000
3000 2793 1054400000
828 2329 2047183125
828 2671 2047183125
2329 828 2047183125
2329 4172 2047183125
2671 828 2047183125
2671 4172 2047183125
4172 2329 2047183125
4172 2671 2047183125
2000 2197 642400000
2000 2803 642400000
2197 2000 642400000
2197 3000 642400000
2803 2000 642400000
2803 3000 642400000
3000 2197 642400000
3000 2803 642400000
1000 1889 4315238249
1000 3111 4315238249
1889 1000 4315238249
1889 4000 4315238249
3111 1000 4315238249
3111 4000 4315238249
4000 1889 4315238249
4000 3111 4315238249
1000 1170 4220100000
1000 3830 4220100000
1170 1000 4220100000
1170 4000 4220100000
3830 1000 4220100000
3830 4000 4220100000
4000 1170 4220100000
4000 3830 4220100000
1000 1360 4838500000
1000 3640 4838500000
1360 1000 4838500000
1360 4000 4838500000
3640 1000 4838500000
3640 4000 4838500000
4000 1360 4838500000
4000 3640 4838500000
1692 1720 7420471799
1692 3280 7420471799
1720 1692 7420471799
1720 3308 7420471799
3280 1692 7420471799
3280 3308 7420471799
3308 1720 7420471799
3308 3280 7420471799
2000 2233 2725654885
2000 2767 2725654885
2233 2000 2725654885
2233 3000 2725654885
2767 2000 2725654885
2767 3000 2725654885
3000 2233 2725654885
3000 2767 2725654885
1661 2000 5002915322
1661 3000 5002915322
2000 1661 5002915322
2000 3339 5002915322
3000 1661 5002915322
3000 3339 5002915322
3339 2000 5002915322
3339 3000 5002915322
986 1879 2021352183
986 3121 2021352183
1879 986 2021352183
1879 4014 2021352183
3121 986 2021352183
3121 4014 2021352183
4014 1879 2021352183
4014 3121 2021352183
1000 1413 1127900000
1000 3587 1127900000
1413 1000 1127900000
1413 4000 1127900000
3587 1000 1127900000
3587 4000 1127900000
4000 1413 1127900000
4000 3587 1127900000
2176 2438 4372079916
2176 2562 4372079916
2438 2176 4372079916
2438 2824 4372079916
2562 2176 4372079916
2562 2824 4372079916
2824 2438 4372079916
2824 2562 4372079916
1318 2000 2988400000
1318 3000 2988400000
2000 1318 2988400000
2000 3682 2988400000
3000 1318 2988400000
3000 3682 2988400000
3682 2000 2988400000
3682 3000 2988400000
896 1605 527600001
896 3395 527600001
1605 896 527600001
1605 4104 527600001
3395 896 527600001
3395 4104 527600001
4104 1605 527600001
4104 3395 527600001
880 1578 1495700000
880 3422 1495700000
1578 880 1495700000
1578 4120 1495700000
3422 880 1495700000
3422 4120 1495700000
4120 1578 1495700000
4120 3422 1495700000
1000 1940 2492170404
1000 3060 2492170404
1940 1000 2492170404
1940 4000 2492170404
3060 1000 2492170404
3060 4000 2492170404
4000 1940 2492170404
4000 3060 2492170404
1540 2000 3941334287
1540 3000 3941334287
2000 1540 3941334287
2000 3460 3941334287
3000 1540 3941334287
3000 3460 3941334287
3460 2000 3941334287
3460 3000 3941334287
2221 2419 705700000
2221 2581 705700000
2419 2221 705700000
2419 2779 705700000
2581 2221 705700000
2581 2779 705700000
2779 2419 705700000
2779 2581 705700000
1378 2000 2381301612
1378 3000 2381301612
2000 1378 2381301612
2000 3622 2381301612
3000 1378 2381301612
3000 3622 2381301612
3622 2000 2381301612
3622 3000 2381301612
1000 1739 4363286903
1000 3261 4363286903
1739 1000 4363286903
1739 4000 4363286903
3261 1000 4363286903
3261 4000 4363286903
4000 1739 4363286903
4000 3261 4363286903
900 2000 17682809913
900 3000 17682809913
2000 900 17682809913
2000 4100 17682809913
3000 900 17682809913
3000 4100 17682809913
4100 2000 17682809913
4100 3000 17682809913
1411 2000 4483467836
1411 3000 4483467836
2000 1411 4483467836
2000 3589 4483467836
3000 1411 4483467836
3000 3589 4483467836
3589 2000 4483467836
3589 3000 4483467836
1000 1490 4395000000
1000 3510 4395000000
1490 1000 4395000000
1490 4000 4395000000
3510 1000 4395000000
3510 4000 4395000000
4000 1490 4395000000
4000 3510 4395000000
691 2000 12387700000
691 3000 12387700000
2000 691 12387700000
2000 4309 12387700000
3000 691 12387700000
3000 4309 12387700000
4309 2000 12387700000
4309 3000 12387700000
1738 2000 4425900000
1738 3000 4425900000
2000 1738 4425900000
2000 3262 4425900000
3000 1738 4425900000
3000 3262 4425900000
3262 2000 4425900000
3262 3000 4425900000
840 2251 1655900000
840 2749 1655900000
2251 840 1655900000
2251 4160 1655900000
2749 840 1655900000
2749 4160 1655900000
4160 2251 1655900000
4160 2749 1655900000
924 1578 2116100000
924 3422 2116100000
1578 924 2116100000
1578 4076 2116100000
3422 924 2116100000
3422 4076 2116100000
4076 1578 2116100000
4076 3422 2116100000
1000 1610 8422400000
1000 3390 8422400000
1610 1000 8422400000
1610 4000 8422400000
3390 1000 8422400000
3390 4000 8422400000
4000 1610 8422400000
4000 3390 8422400000
2000 2261 6079624570
2000 2739 6079624570
2261 2000 6079624570
2261 3000 6079624570
2739 2000 6079624570
2739 3000 6079624570
3000 2261 6079624570
3000 2739 6079624570
1000 1592 8780300000
1000 3408 8780300000
1592 1000 8780300000
1592 4000 8780300000
3408 1000 8780300000
3408 4000 8780300000
4000 1592 8780300000
4000 3408 8780300000
964 2333 281900000
964 2667 281900000
2333 964 281900000
2333 4036 281900000
2667 964 281900000
2667 4036 281900000
4036 2333 281900000
4036 2667 281900000
1000 1636 2406300000
1000 3364 2406300000
1636 1000 2406300000
1636 4000 2406300000
3364 1000 2406300000
3364 4000 2406300000
4000 1636 2406300000
4000 3364 2406300000
1000 1756 3466100000
1000 3244 3466100000
1756 1000 3466100000
1756 4000 3466100000
3244 1000 3466100000
3244 4000 3466100000
4000 1756 3466100000
4000 3244 3466100000
1619 2000 6567937332
1619 3000 6567937332
2000 1619 6567937332
2000 3381 6567937332
3000 1619 6567937332
3000 3381 6567937332
3381 2000 6567937332
3381 3000 6567937332
1000 1674 4597472865
1000 3326 4597472865
1674 1000 4597472865
1674 4000 4597472865
3326 1000 4597472865
3326 4000 4597472865
4000 1674 4597472865
4000 3326 4597472865
1845 2000 4552180012
1845 3000 4552180012
2000 1845 4552180012
2000 3155 4552180012
3000 1845 4552180012
3000 3155 4552180012
3155 2000 4552180012
3155 3000 4552180012
1510 2000 3439300000
1510 3000 3439300000
2000 1510 3439300000
2000 3490 3439300000
3000 1510 3439300000
3000 3490 3439300000
3490 2000 3439300000
3490 3000 3439300000
1000 1562 3568000000
1000 3438 3568000000
1562 1000 3568000000
1562 4000 3568000000
3438 1000 3568000000
3438 4000 3568000000
4000 1562 3568000000
4000 3438 3568000000
1360 2000 6623685444
1360 3000 6623685444
2000 1360 6623685444
2000 3640 6623685444
3000 1360 6623685444
3000 3640 6623685444
3640 2000 6623685444
3640 3000 6623685444
1638 2000 4241200000
1638 3000 4241200000
2000 1638 4241200000
2000 3362 4241200000
3000 1638 4241200000
3000 3362 4241200000
3362 2000 4241200000
3362 3000 4241200000
969 1657 1819200000
969 3343 1819200000
1657 969 1819200000
1657 4031 1819200000
3343 969 1819200000
3343 4031 1819200000
4031 1657 1819200000
4031 3343 1819200000
2000 2070 97441608
2000 2930 97441608
2070 2000 97441608
2070 3000 97441608
2930 2000 97441608
2930 3000 97441608
3000 2070 97441608
3000 2930 97441608
1084 2000 724402856
1084 3000 724402856
2000 1084 724402856
2000 3916 724402856
3000 1084 724402856
3000 3916 724402856
3916 2000 724402856
3916 3000 724402856
1000 1243 9658300000
1000 3757 9658300000
1243 1000 9658300000
1243 4000 9658300000
3757 1000 9658300000
3757 4000 9658300000
4000 1243 9658300000
4000 3757 9658300000
1000 1182 2406300000
1000 3818 2406300000
1182 1000 2406300000
1182 4000 2406300000
3818 1000 2406300000
3818 4000 2406300000
4000 1182 2406300000
4000 3818 2406300000
1000 2268 3154389758
1000 2732 3154389758
2268 1000 3154389758
2268 4000 3154389758
2732 1000 3154389758
2732 4000 3154389758
4000 2268 3154389758
4000 2732 3154389758
1864 2497 3345702149
1864 2503 3345702149
2497 1864 3345702149
2497 3136 3345702149
2503 1864 3345702149
2503 3136 3345702149
3136 2497 3345702149
3136 2503 3345702149
1265 2000 3838000000
1265 3000 3838000000
2000 1265 3838000000
2000 3735 3838000000
3000 1265 3838000000
3000 3735 3838000000
3735 2000 3838000000
3735 3000 3838000000
990 2074 7590871741
990 2926 7590871741
2074 990 7590871741
2074 4010 7590871741
2926 990 7590871741
2926 4010 7590871741
4010 2074 7590871741
4010 2926 7590871741
1000 1919 3409855501
1000 3081 3409855501
1919 1000 3409855501
1919 4000 3409855501
3081 1000 3409855501
3081 4000 3409855501
4000 1919 3409855501
4000 3081 3409855501
1000 2410 1330400000
1000 2590 1330400000
2410 1000 1330400000
2410 4000 1330400000
2590 1000 1330400000
2590 4000 1330400000
4000 2410 1330400000
4000 2590 1330400000
1000 2406 3615200000
1000 2594 3615200000
2406 1000 3615200000
2406 4000 3615200000
2594 1000 3615200000
2594 4000 3615200000
4000 2406 3615200000
4000 2594 3615200000
1386 2000 3487477406
1386 3000 3487477406
2000 1386 3487477406
2000 3614 3487477406
3000 1386 3487477406
3000 3614 3487477406
3614 2000 3487477406
3614 3000 3487477406
1000 1839 3510700000
1000 3161 3510700000
1839 1000 3510700000
1839 4000 3510700000
3161 1000 3510700000
3161 4000 3510700000
4000 1839 3510700000
4000 3161 3510700000
2035 2291 1167626382
2035 2709 1167626382
2291 2035 1167626382
2291 2965 1167626382
2709 2035 1167626382
2709 2965 1167626382
2965 2291 1167626382
2965 2709 1167626382
1000 2336 999900000
1000 2664 999900000
2336 1000 999900000
2336 4000 999900000
2664 1000 999900000
2664 4000 999900000
4000 2336 999900000
4000 2664 999900000
1000 2153 2166700000
1000 2847 2166700000
2153 1000 2166700000
2153 4000 2166700000
2847 1000 2166700000
2847 4000 2166700000
4000 2153 2166700000
4000 2847 2166700000
1000 1859 3411700000
1000 3141 3411700000
1859 1000 3411700000
1859 4000 3411700000
3141 1000 3411700000
3141 4000 3411700000
4000 1859 3411700000
4000 3141 3411700000
961 2379 2118837499
961 2621 2118837499
2379 961 2118837499
2379 4039 2118837499
2621 961 2118837499
2621 4039 2118837499
4039 2379 2118837499
4039 2621 2118837499
2047 2303 1517270830
2047 2697 1517270830
2303 2047 1517270830
2303 2953 1517270830
2697 2047 1517270830
2697 2953 1517270830
2953 2303 1517270830
2953 2697 1517270830
1630 2000 4925470849
1630 3000 4925470849
2000 1630 4925470849
2000 3370 4925470849
3000 1630 4925470849
3000 3370 4925470849
3370 2000 4925470849
3370 3000 4925470849
888 1564 2476700000
888 3436 2476700000
1564 888 2476700000
1564 4112 2476700000
3436 888 2476700000
3436 4112 2476700000
4112 1564 2476700000
4112 3436 2476700000
1000 2470 4221800001
1000 2530 4221800001
2470 1000 4221800001
2470 4000 4221800001
2530 1000 4221800001
2530 4000 4221800001
4000 2470 4221800001
4000 2530 4221800001
832 2000 16245800001
832 3000 16245800001
2000 832 16245800001
2000 4168 16245800001
3000 832 16245800001
3000 4168 16245800001
4168 2000 16245800001
4168 3000 16245800001
1000 2240 3514100000
1000 2760 3514100000
2240 1000 3514100000
2240 4000 3514100000
2760 1000 3514100000
2760 4000 3514100000
4000 2240 3514100000
4000 2760 3514100000
864 1600 1709100000
864 3400 1709100000
1600 864 1709100000
1600 4136 1709100000
3400 864 1709100000
3400 4136 1709100000
4136 1600 1709100000
4136 3400 1709100000
1000 1533 1847462144
1000 3467 1847462144
1533 1000 1847462144
1533 4000 1847462144
3467 1000 1847462144
3467 4000 1847462144
4000 1533 1847462144
4000 3467 1847462144
933 2300 3137531801
933 2700 3137531801
2300 933 3137531801
2300 4067 3137531801
2700 933 3137531801
2700 4067 3137531801
4067 2300 3137531801
4067 2700 3137531801
1000 1788 3891300000
1000 3212 3891300000
1788 1000 3891300000
1788 4000 3891300000
3212 1000 3891300000
3212 4000 3891300000
4000 1788 3891300000
4000 3212 3891300000
1000 1220 530600000
1000 3780 530600000
1220 1000 530600000
1220 4000 530600000
3780 1000 530600000
3780 4000 530600000
4000 1220 530600000
4000 3780 530600000
966 1470 3069425925
966 3530 3069425925
1470 966 3069425925
1470 4034 3069425925
3530 966 3069425925
3530 4034 3069425925
4034 1470 3069425925
4034 3530 3069425925
900 1521 3195777748
900 3479 3195777748
1521 900 3195777748
1521 4100 3195777748
3479 900 3195777748
3479 4100 3195777748
4100 1521 3195777748
4100 3479 3195777748
1000 1653 1590940162
1000 3347 1590940162
1653 1000 1590940162
1653 4000 1590940162
3347 1000 1590940162
3347 4000 1590940162
4000 1653 1590940162
4000 3347 1590940162
1000 2389 2047100000
1000 2611 2047100000
2389 1000 2047100000
2389 4000 2047100000
2611 1000 2047100000
2611 4000 2047100000
4000 2389 2047100000
4000 2611 2047100000
1472 1850 1000595151
1472 3150 1000595151
1850 1472 1000595151
1850 3528 1000595151
3150 1472 1000595151
3150 3528 1000595151
3528 1850 1000595151
3528 3150 1000595151
1000 1453 6624314864
1000 3547 6624314864
1453 1000 6624314864
1453 4000 6624314864
3547 1000 6624314864
3547 4000 6624314864
4000 1453 6624314864
4000 3547 6624314864
909 1758 3616455226
909 3242 3616455226
1758 909 3616455226
1758 4091 3616455226
3242 909 3616455226
3242 4091 3616455226
4091 1758 3616455226
4091 3242 3616455226
1000 1680 3466100000
1000 3320 3466100000
1680 1000 3466100000
1680 4000 3466100000
3320 1000 3466100000
3320 4000 3466100000
4000 1680 3466100000
4000 3320 3466100000
1807 2000 5831455267
1807 3000 5831455267
2000 1807 5831455267
2000 3193 5831455267
3000 1807 5831455267
3000 3193 5831455267
3193 2000 5831455267
3193 3000 5831455267
582 1000 32000830019
582 4000 32000830019
1000 582 32000830019
1000 4418 32000830019
4000 582 32000830019
4000 4418 32000830019
4418 1000 32000830019
4418 4000 32000830019
993 2020 0
993 2980 0
2020 993 0
2020 4007 0
2980 993 0
2980 4007 0
4007 2020 0
4007 2980 0
1000 1985 8388820706
1000 3015 8388820706
1985 1000 8388820706
1985 4000 8388820706
3015 1000 8388820706
3015 4000 8388820706
4000 1985 8388820706
4000 3015 8388820706
730 1000 7164331150
730 4000 7164331150
1000 730 7164331150
1000 4270 7164331150
4000 730 7164331150
4000 4270 7164331150
4270 1000 7164331150
4270 4000 7164331150
1000 2070 1328443316
1000 2930 1328443316
2070 1000 1328443316
2070 4000 1328443316
2930 1000 1328443316
2930 4000 1328443316
4000 2070 1328443316
4000 2930 1328443316
1520 2000 4696956090
1520 3000 4696956090
2000 1520 4696956090
2000 3480 4696956090
3000 1520 4696956090
3000 3480 4696956090
3480 2000 4696956090
3480 3000 4696956090
1583 2000 5809618012
1583 3000 5809618012
2000 1583 5809618012
2000 3417 5809618012
3000 1583 5809618012
3000 3417 5809618012
3417 2000 5809618012
3417 3000 5809618012
1360 2041 0
1360 2959 0
2041 1360 0
2041 3640 0
2959 1360 0
2959 3640 0
3640 2041 0
3640 2959 0
2028 2277 1854408279
2028 2723 1854408279
2277 2028 1854408279
2277 2972 1854408279
2723 2028 1854408279
2723 2972 1854408279
2972 2277 1854408279
2972 2723 1854408279
922 1606 4145300000
922 3394 4145300000
1606 922 4145300000
1606 4078 4145300000
3394 922 4145300000
3394 4078 4145300000
4078 1606 4145300000
4078 3394 4145300000
844 2267 4051074868
844 2733 4051074868
2267 844 4051074868
2267 4156 4051074868
2733 844 4051074868
2733 4156 4051074868
4156 2267 4051074868
4156 2733 4051074868
952 2393 755900000
952 2607 755900000
2393 952 755900000
2393 4048 755900000
2607 952 755900000
2607 4048 755900000
4048 2393 755900000
4048 2607 755900000
1650 2128 2451353506
1650 2872 2451353506
2128 1650 2451353506
2128 3350 2451353506
2872 1650 2451353506
2872 3350 2451353506
3350 2128 2451353506
3350 2872 2451353506
981 1390 1600450979
981 3610 1600450979
1390 981 1600450979
1390 4019 1600450979
3610 981 1600450979
3610 4019 1600450979
4019 1390 1600450979
4019 3610 1600450979
1000 1963 4575746921
1000 3037 4575746921
1963 1000 4575746921
1963 4000 4575746921
3037 1000 4575746921
3037 4000 4575746921
4000 1963 4575746921
4000 3037 4575746921
987 2466 2926200000
987 2534 2926200000
2466 987 2926200000
2466 4013 2926200000
2534 987 2926200000
2534 4013 2926200000
4013 2466 2926200000
4013 2534 2926200000
1569 2180 4557800000
1569 2820 4557800000
2180 1569 4557800000
2180 3431 4557800000
2820 1569 4557800000
2820 3431 4557800000
3431 2180 4557800000
3431 2820 4557800000
950 2420 497000005
950 2580 497000005
2420 950 497000005
2420 4050 497000005
2580 950 497000005
2580 4050 497000005
4050 2420 497000005
4050 2580 497000005
1000 2482 3528099999
1000 2518 3528099999
2482 1000 3528099999
2482 4000 3528099999
2518 1000 3528099999
2518 4000 3528099999
4000 2482 3528099999
4000 2518 3528099999
972 2357 755300000
972 2643 755300000
2357 972 755300000
2357 4028 755300000
2643 972 755300000
2643 4028 755300000
4028 2357 755300000
4028 2643 755300000
953 1444 851946268
953 3556 851946268
1444 953 851946268
1444 4047 851946268
3556 953 851946268
3556 4047 851946268
4047 1444 851946268
4047 3556 851946268
897 2301 3427700000
897 2699 3427700000
2301 897 3427700000
2301 4103 3427700000
2699 897 3427700000
2699 4103 3427700000
4103 2301 3427700000
4103 2699 3427700000
950 1481 1525500000
950 3519 1525500000
1481 950 1525500000
1481 4050 1525500000
3519 950 1525500000
3519 4050 1525500000
4050 1481 1525500000
4050 3519 1525500000
1750 2370 1501816100
1750 2630 1501816100
2370 1750 1501816100
2370 3250 1501816100
2630 1750 1501816100
2630 3250 1501816100
3250 2370 1501816100
3250 2630 1501816100
1546 1837 2783618814
1546 3163 2783618814
1837 1546 2783618814
1837 3454 2783618814
3163 1546 2783618814
3163 3454 2783618814
3454 1837 2783618814
3454 3163 2783618814
910 1550 2187686269
910 3450 2187686269
1550 910 2187686269
1550 4090 2187686269
3450 910 2187686269
3450 4090 2187686269
4090 1550 2187686269
4090 3450 2187686269
808 2000 19794999999
808 3000 19794999999
2000 808 19794999999
2000 4192 19794999999
3000 808 19794999999
3000 4192 19794999999
4192 2000 19794999999
4192 3000 19794999999
995 1987 4402200000
995 3013 4402200000
1987 995 4402200000
1987 4005 4402200000
3013 995 4402200000
3013 4005 4402200000
4005 1987 4402200000
4005 3013 4402200000
1992 2235 945358605
1992 2765 945358605
2235 1992 945358605
2235 3008 945358605
2765 1992 945358605
2765 3008 945358605
3008 2235 945358605
3008 2765 945358605
1485 2000 3597000000
1485 3000 3597000000
2000 1485 3597000000
2000 3515 3597000000
3000 1485 3597000000
3000 3515 3597000000
3515 2000 3597000000
3515 3000 3597000000
1501 2000 3574100000
1501 3000 3574100000
2000 1501 3574100000
2000 3499 3574100000
3000 1501 3574100000
3000 3499 3574100000
3499 2000 3574100000
3499 3000 3574100000
2000 2119 74612564
2000 2881 74612564
2119 2000 74612564
2119 3000 74612564
2881 2000 74612564
2881 3000 74612564
3000 2119 74612564
3000 2881 74612564
999 1945 685715064
999 3055 685715064
1945 999 685715064
1945 4001 685715064
3055 999 685715064
3055 4001 685715064
4001 1945 685715064
4001 3055 685715064
1176 1568 0
1176 3432 0
1568 1176 0
1568 3824 0
3432 1176 0
3432 3824 0
3824 1568 0
3824 3432 0
1000 1909 2614579014
1000 3091 2614579014
1909 1000 2614579014
1909 4000 2614579014
3091 1000 2614579014
3091 4000 2614579014
4000 1909 2614579014
4000 3091 2614579014
2000 2078 1645900000
2000 2922 1645900000
2078 2000 1645900000
2078 3000 1645900000
2922 2000 1645900000
2922 3000 1645900000
3000 2078 1645900000
3000 2922 1645900000
1161 2000 1469907743
1161 3000 1469907743
2000 1161 1469907743
2000 3839 1469907743
3000 1161 1469907743
3000 3839 1469907743
3839 2000 1469907743
3839 3000 1469907743
1000 2459 3259400000
1000 2541 3259400000
2459 1000 3259400000
2459 4000 3259400000
2541 1000 3259400000
2541 4000 3259400000
4000 2459 3259400000
4000 2541 3259400000
715 2000 4109200001
715 3000 4109200001
2000 715 4109200001
2000 4285 4109200001
3000 715 4109200001
3000 4285 4109200001
4285 2000 4109200001
4285 3000 4109200001
1000 1116 4786380680
1000 3884 4786380680
1116 1000 4786380680
1116 4000 4786380680
3884 1000 4786380680
3884 4000 4786380680
4000 1116 4786380680
4000 3884 4786380680
1000 2159 2090666787
1000 2841 2090666787
2159 1000 2090666787
2159 4000 2090666787
2841 1000 2090666787
2841 4000 2090666787
4000 2159 2090666787
4000 2841 2090666787
1538 2101 1368400000
1538 2899 1368400000
2101 1538 1368400000
2101 3462 1368400000
2899 1538 1368400000
2899 3462 1368400000
3462 2101 1368400000
3462 2899 1368400000
996 1979 6603444360
996 3021 6603444360
1979 996 6603444360
1979 4004 6603444360
3021 996 6603444360
3021 4004 6603444360
4004 1979 6603444360
4004 3021 6603444360
1442 1895 1418200000
1442 3105 1418200000
1895 1442 1418200000
1895 3558 1418200000
3105 1442 1418200000
3105 3558 1418200000
3558 1895 1418200000
3558 3105 1418200000
1000 2259 1427600000
1000 2741 1427600000
2259 1000 1427600000
2259 4000 1427600000
2741 1000 1427600000
2741 4000 1427600000
4000 2259 1427600000
4000 2741 1427600000
2000 2168 2811174679
2000 2832 2811174679
2168 2000 2811174679
2168 3000 2811174679
2832 2000 2811174679
2832 3000 2811174679
3000 2168 2811174679
3000 2832 2811174679
1370 1779 977009833
1370 3221 977009833
1779 1370 977009833
1779 3630 977009833
3221 1370 977009833
3221 3630 977009833
3630 1779 977009833
3630 3221 977009833
971 2140 2431018541
971 2860 2431018541
2140 971 2431018541
2140 4029 2431018541
2860 971 2431018541
2860 4029 2431018541
4029 2140 2431018541
4029 2860 2431018541
1941 2000 2410244174
1941 3000 2410244174
2000 1941 2410244174
2000 3059 2410244174
3000 1941 2410244174
3000 3059 2410244174
3059 2000 2410244174
3059 3000 2410244174
1000 2490 2406300000
1000 2510 2406300000
2490 1000 2406300000
2490 4000 2406300000
2510 1000 2406300000
2510 4000 2406300000
4000 2490 2406300000
4000 2510 2406300000
1989 2261 739331789
1989 2739 739331789
2261 1989 739331789
2261 3011 739331789
2739 1989 739331789
2739 3011 739331789
3011 2261 739331789
3011 2739 739331789
830 2310 3409800000
830 2690 3409800000
2310 830 3409800000
2310 4170 3409800000
2690 830 3409800000
2690 4170 3409800000
4170 2310 3409800000
4170 2690 3409800000
879 2268 1854200000
879 2732 1854200000
2268 879 1854200000
2268 4121 1854200000
2732 879 1854200000
2732 4121 1854200000
4121 2268 1854200000
4121 2732 1854200000
1655 2300 7099600000
1655 2700 7099600000
2300 1655 7099600000
2300 3345 7099600000
2700 1655 7099600000
2700 3345 7099600000
3345 2300 7099600000
3345 2700 7099600000
880 1000 21080300000
880 4000 21080300000
1000 880 21080300000
1000 4120 21080300000
4000 880 21080300000
4000 4120 21080300000
4120 1000 21080300000
4120 4000 21080300000
788 2380 1133400000
788 2620 1133400000
2380 788 1133400000
2380 4212 1133400000
2620 788 1133400000
2620 4212 1133400000
4212 2380 1133400000
4212 2620 1133400000
1287 2000 7151200000
1287 3000 7151200000
2000 1287 7151200000
2000 3713 7151200000
3000 1287 7151200000
3000 3713 7151200000
3713 2000 7151200000
3713 3000 7151200000
1530 2000 7163430122
1530 3000 7163430122
2000 1530 7163430122
2000 3470 7163430122
3000 1530 7163430122
3000 3470 7163430122
3470 2000 7163430122
3470 3000 7163430122
1000 1538 2564200000
1000 3462 2564200000
1538 1000 2564200000
1538 4000 2564200000
3462 1000 2564200000
3462 4000 2564200000
4000 1538 2564200000
4000 3462 2564200000
2247 2500 2814300000
2500 2247 2814300000
2500 2753 2814300000
2753 2500 2814300000
2140 2358 1917806435
2140 2642 1917806435
2358 2140 1917806435
2358 2860 1917806435
2642 2140 1917806435
2642 2860 1917806435
2860 2358 1917806435
2860 2642 1917806435
904 1654 3236400000
904 3346 3236400000
1654 904 3236400000
1654 4096 3236400000
3346 904 3236400000
3346 4096 3236400000
4096 1654 3236400000
4096 3346 3236400000
856 2000 18344485845
856 3000 18344485845
2000 856 18344485845
2000 4144 18344485845
3000 856 18344485845
3000 4144 18344485845
4144 2000 18344485845
4144 3000 18344485845
2292 2485 3084786634
2292 2515 3084786634
2485 2292 3084786634
2485 2708 3084786634
2515 2292 3084786634
2515 2708 3084786634
2708 2485 3084786634
2708 2515 3084786634
953 2316 952888158
953 2684 952888158
2316 953 952888158
2316 4047 952888158
2684 953 952888158
2684 4047 952888158
4047 2316 952888158
4047 2684 952888158
1600 2308 299553377
1600 2692 299553377
2308 1600 299553377
2308 3400 299553377
2692 1600 299553377
2692 3400 299553377
3400 2308 299553377
3400 2692 299553377
2279 2465 1728200000
2279 2535 1728200000
2465 2279 1728200000
2465 2721 1728200000
2535 2279 1728200000
2535 2721 1728200000
2721 2465 1728200000
2721 2535 1728200000
1000 1509 3379200000
1000 3491 3379200000
1509 1000 3379200000
1509 4000 3379200000
3491 1000 3379200000
3491 4000 3379200000
4000 1509 3379200000
4000 3491 3379200000
837 1618 4018277022
837 3382 4018277022
1618 837 4018277022
1618 4163 4018277022
3382 837 4018277022
3382 4163 4018277022
4163 1618 4018277022
4163 3382 4018277022
999 1991 5127554655
999 3009 5127554655
1991 999 5127554655
1991 4001 5127554655
3009 999 5127554655
3009 4001 5127554655
4001 1991 5127554655
4001 3009 5127554655
682 2000 4940700000
682 3000 4940700000
2000 682 4940700000
2000 4318 4940700000
3000 682 4940700000
3000 4318 4940700000
4318 2000 4940700000
4318 3000 4940700000
1129 2011 0
1129 2989 0
2011 1129 0
2011 3871 0
2989 1129 0
2989 3871 0
3871 2011 0
3871 2989 0
2000 2027 1646216067
2000 2973 1646216067
2027 2000 1646216067
2027 3000 1646216067
2973 2000 1646216067
2973 3000 1646216067
3000 2027 1646216067
3000 2973 1646216067
2000 2009 813130852
2000 2991 813130852
2009 2000 813130852
2009 3000 813130852
2991 2000 813130852
2991 3000 813130852
3000 2009 813130852
3000 2991 813130852
1039 2000 1424796388
1039 3000 1424796388
2000 1039 1424796388
2000 3961 1424796388
3000 1039 1424796388
3000 3961 1424796388
3961 2000 1424796388
3961 3000 1424796388
2000 2039 1433286810
2000 2961 1433286810
2039 2000 1433286810
2039 3000 1433286810
2961 2000 1433286810
2961 3000 1433286810
3000 2039 1433286810
3000 2961 1433286810
1421 2081 789894556
1421 2919 789894556
2081 1421 789894556
2081 3579 789894556
2919 1421 789894556
2919 3579 789894556
3579 2081 789894556
3579 2919 789894556
994 2047 3064454445
994 2953 3064454445
2047 994 3064454445
2047 4006 3064454445
2953 994 3064454445
2953 4006 3064454445
4006 2047 3064454445
4006 2953 3064454445
2000 2215 2027804484
2000 2785 2027804484
2215 2000 2027804484
2215 3000 2027804484
2785 2000 2027804484
2785 3000 2027804484
3000 2215 2027804484
3000 2785 2027804484
1864 2000 2771500000
1864 3000 2771500000
2000 1864 2771500000
2000 3136 2771500000
3000 1864 2771500000
3000 3136 2771500000
3136 2000 2771500000
3136 3000 2771500000
980 2349 3012800000
980 2651 3012800000
2349 980 3012800000
2349 4020 3012800000
2651 980 3012800000
2651 4020 3012800000
4020 2349 3012800000
4020 2651 3012800000
954 2343 968200000
954 2657 968200000
2343 954 968200000
2343 4046 968200000
2657 954 968200000
2657 4046 968200000
4046 2343 968200000
4046 2657 968200000
893 2373 2933200000
893 2627 2933200000
2373 893 2933200000
2373 4107 2933200000
2627 893 2933200000
2627 4107 2933200000
4107 2373 2933200000
4107 2627 2933200000
1890 2456 955422653
1890 2544 955422653
2456 1890 955422653
2456 3110 955422653
2544 1890 955422653
2544 3110 955422653
3110 2456 955422653
3110 2544 955422653
1963 2270 3677163303
1963 2730 3677163303
2270 1963 3677163303
2270 3037 3677163303
2730 1963 3677163303
2730 3037 3677163303
3037 2270 3677163303
3037 2730 3677163303
1474 1877 3555015759
1474 3123 3555015759
1877 1474 3555015759
1877 3526 3555015759
3123 1474 3555015759
3123 3526 3555015759
3526 1877 3555015759
3526 3123 3555015759
1620 1780 2616371652
1620 3220 2616371652
1780 1620 2616371652
1780 3380 2616371652
3220 1620 2616371652
3220 3380 2616371652
3380 1780 2616371652
3380 3220 2616371652
1323 2000 2104500000
1323 3000 2104500000
2000 1323 2104500000
2000 3677 2104500000
3000 1323 2104500000
3000 3677 2104500000
3677 2000 2104500000
3677 3000 2104500000
951 2280 1764502107
951 2720 1764502107
2280 951 1764502107
2280 4049 1764502107
2720 951 1764502107
2720 4049 1764502107
4049 2280 1764502107
4049 2720 1764502107
823 2270 634380487
823 2730 634380487
2270 823 634380487
2270 4177 634380487
2730 823 634380487
2730 4177 634380487
4177 2270 634380487
4177 2730 634380487
1604 1797 6018533001
1604 3203 6018533001
1797 1604 6018533001
1797 3396 6018533001
3203 1604 6018533001
3203 3396 6018533001
3396 1797 6018533001
3396 3203 6018533001
940 1724 5297666894
940 3276 5297666894
1724 940 5297666894
1724 4060 5297666894
3276 940 5297666894
3276 4060 5297666894
4060 1724 5297666894
4060 3276 5297666894
1929 2000 2431800000
1929 3000 2431800000
2000 1929 2431800000
2000 3071 2431800000
3000 1929 2431800000
3000 3071 2431800000
3071 2000 2431800000
3071 3000 2431800000
977 2479 3079200000
977 2521 3079200000
2479 977 3079200000
2479 4023 3079200000
2521 977 3079200000
2521 4023 3079200000
4023 2479 3079200000
4023 2521 3079200000
2197 2469 172300000
2197 2531 172300000
2469 2197 172300000
2469 2803 172300000
2531 2197 172300000
2531 2803 172300000
2803 2469 172300000
2803 2531 172300000
1980 2280 160584395
1980 2720 160584395
2280 1980 160584395
2280 3020 160584395
2720 1980 160584395
2720 3020 160584395
3020 2280 160584395
3020 2720 160584395
939 2492 154900000
939 2508 154900000
2492 939 154900000
2492 4061 154900000
2508 939 154900000
2508 4061 154900000
4061 2492 154900000
4061 2508 154900000
999 1790 1628700000
999 3210 1628700000
1790 999 1628700000
1790 4001 1628700000
3210 999 1628700000
3210 4001 1628700000
4001 1790 1628700000
4001 3210 1628700000
886 1703 2802974860
886 3297 2802974860
1703 886 2802974860
1703 4114 2802974860
3297 886 2802974860
3297 4114 2802974860
4114 1703 2802974860
4114 3297 2802974860
949 1581 2076900000
949 3419 2076900000
1581 949 2076900000
1581 4051 2076900000
3419 949 2076900000
3419 4051 2076900000
4051 1581 2076900000
4051 3419 2076900000
834 2500 2163264766
2500 834 2163264766
2500 4166 2163264766
4166 2500 2163264766
1268 1680 1913100000
1268 3320 1913100000
1680 1268 1913100000
1680 3732 1913100000
3320 1268 1913100000
3320 3732 1913100000
3732 1680 1913100000
3732 3320 1913100000
883 1570 2319282716
883 3430 2319282716
1570 883 2319282716
1570 4117 2319282716
3430 883 2319282716
3430 4117 2319282716
4117 1570 2319282716
4117 3430 2319282716
2000 2411 9764500000
2000 2589 9764500000
2411 2000 9764500000
2411 3000 9764500000
2589 2000 9764500000
2589 3000 9764500000
3000 2411 9764500000
3000 2589 9764500000
1692 2316 2620380772
1692 2684 2620380772
2316 1692 2620380772
2316 3308 2620380772
2684 1692 2620380772
2684 3308 2620380772
3308 2316 2620380772
3308 2684 2620380772
1287 1700 2348000000
1287 3300 2348000000
1700 1287 2348000000
1700 3713 2348000000
3300 1287 2348000000
3300 3713 2348000000
3713 1700 2348000000
3713 3300 2348000000
1805 2420 8641968849
1805 2580 8641968849
2420 1805 8641968849
2420 3195 8641968849
2580 1805 8641968849
2580 3195 8641968849
3195 2420 8641968849
3195 2580 8641968849
979 1750 3567200000
979 3250 3567200000
1750 979 3567200000
1750 4021 3567200000
3250 979 3567200000
3250 4021 3567200000
4021 1750 3567200000
4021 3250 3567200000
1790 2000 4241100001
1790 3000 4241100001
2000 1790 4241100001
2000 3210 4241100001
3000 1790 4241100001
3000 3210 4241100001
3210 2000 4241100001
3210 3000 4241100001
1095 2006 986519763
1095 2994 986519763
2006 1095 986519763
2006 3905 986519763
2994 1095 986519763
2994 3905 986519763
3905 2006 986519763
3905 2994 986519763
999 2000 3468069154
999 3000 3468069154
2000 999 3468069154
2000 4001 3468069154
3000 999 3468069154
3000 4001 3468069154
4001 2000 3468069154
4001 3000 3468069154
631 2000 14757700000
631 3000 14757700000
2000 631 14757700000
2000 4369 14757700000
3000 631 14757700000
3000 4369 14757700000
4369 2000 14757700000
4369 3000 14757700000
1996 2000 2070800000
1996 3000 2070800000
2000 1996 2070800000
2000 3004 2070800000
3000 1996 2070800000
3000 3004 2070800000
3004 2000 2070800000
3004 3000 2070800000
510 2000 3394699999
510 3000 3394699999
2000 510 3394699999
2000 4490 3394699999
3000 510 3394699999
3000 4490 3394699999
4490 2000 3394699999
4490 3000 3394699999
1000 2290 1995900000
1000 2710 1995900000
2290 1000 1995900000
2290 4000 1995900000
2710 1000 1995900000
2710 4000 1995900000
4000 2290 1995900000
4000 2710 1995900000
2000 2132 1431982792
2000 2868 1431982792
2132 2000 1431982792
2132 3000 1431982792
2868 2000 1431982792
2868 3000 1431982792
3000 2132 1431982792
3000 2868 1431982792
1000 1345 4424300000
1000 3655 4424300000
1345 1000 4424300000
1345 4000 4424300000
3655 1000 4424300000
3655 4000 4424300000
4000 1345 4424300000
4000 3655 4424300000
1000 2271 3337702380
1000 2729 3337702380
2271 1000 3337702380
2271 4000 3337702380
2729 1000 3337702380
2729 4000 3337702380
4000 2271 3337702380
4000 2729 3337702380
2000 2239 3092547147
2000 2761 3092547147
2239 2000 3092547147
2239 3000 3092547147
2761 2000 3092547147
2761 3000 3092547147
3000 2239 3092547147
3000 2761 3092547147
764 2000 6944653062
764 3000 6944653062
2000 764 6944653062
2000 4236 6944653062
3000 764 6944653062
3000 4236 6944653062
4236 2000 6944653062
4236 3000 6944653062
2133 2500 4020754747
2500 2133 4020754747
2500 2867 4020754747
2867 2500 4020754747
1000 2323 1129200000
1000 2677 1129200000
2323 1000 1129200000
2323 4000 1129200000
2677 1000 1129200000
2677 4000 1129200000
4000 2323 1129200000
4000 2677 1129200000
1000 1281 6514175930
1000 3719 6514175930
1281 1000 6514175930
1281 4000 6514175930
3719 1000 6514175930
3719 4000 6514175930
4000 1281 6514175930
4000 3719 6514175930
2000 2055 2038010189
2000 2945 2038010189
2055 2000 2038010189
2055 3000 2038010189
2945 2000 2038010189
2945 3000 2038010189
3000 2055 2038010189
3000 2945 2038010189
1602 2000 3484861298
1602 3000 3484861298
2000 1602 3484861298
2000 3398 3484861298
3000 1602 3484861298
3000 3398 3484861298
3398 2000 3484861298
3398 3000 3484861298
1982 2000 2895402379
1982 3000 2895402379
2000 1982 2895402379
2000 3018 2895402379
3000 1982 2895402379
3000 3018 2895402379
3018 2000 2895402379
3018 3000 2895402379
2000 2221 2969400000
2000 2779 2969400000
2221 2000 2969400000
2221 3000 2969400000
2779 2000 2969400000
2779 3000 2969400000
3000 2221 2969400000
3000 2779 2969400000
1000 2310 1906900383
1000 2690 1906900383
2310 1000 1906900383
2310 4000 1906900383
2690 1000 1906900383
2690 4000 1906900383
4000 2310 1906900383
4000 2690 1906900383
980 2000 3785546417
980 3000 3785546417
2000 980 3785546417
2000 4020 3785546417
3000 980 3785546417
3000 4020 3785546417
4020 2000 3785546417
4020 3000 3785546417
933 2000 15724887258
933 3000 15724887258
2000 933 15724887258
2000 4067 15724887258
3000 933 15724887258
3000 4067 15724887258
4067 2000 15724887258
4067 3000 15724887258
1000 1883 731085243
1000 3117 731085243
1883 1000 731085243
1883 4000 731085243
3117 1000 731085243
3117 4000 731085243
4000 1883 731085243
4000 3117 731085243
1561 2102 1831888871
1561 2898 1831888871
2102 1561 1831888871
2102 3439 1831888871
2898 1561 1831888871
2898 3439 1831888871
3439 2102 1831888871
3439 2898 1831888871
2021 2280 794900000
2021 2720 794900000
2280 2021 794900000
2280 2979 794900000
2720 2021 794900000
2720 2979 794900000
2979 2280 794900000
2979 2720 794900000
839 2000 2122400000
839 3000 2122400000
2000 839 2122400000
2000 4161 2122400000
3000 839 2122400000
3000 4161 2122400000
4161 2000 2122400000
4161 3000 2122400000
834 2233 2613800000
834 2767 2613800000
2233 834 2613800000
2233 4166 2613800000
2767 834 2613800000
2767 4166 2613800000
4166 2233 2613800000
4166 2767 2613800000
2000 2209 756900000
2000 2791 756900000
2209 2000 756900000
2209 3000 756900000
2791 2000 756900000
2791 3000 756900000
3000 2209 756900000
3000 2791 756900000
1000 1640 2144154007
1000 3360 2144154007
1640 1000 2144154007
1640 4000 2144154007
3360 1000 2144154007
3360 4000 2144154007
4000 1640 2144154007
4000 3360 2144154007
2000 2072 539300000
2000 2928 539300000
2072 2000 539300000
2072 3000 539300000
2928 2000 539300000
2928 3000 539300000
3000 2072 539300000
3000 2928 539300000
1954 2000 2388800000
1954 3000 2388800000
2000 1954 2388800000
2000 3046 2388800000
3000 1954 2388800000
3000 3046 2388800000
3046 2000 2388800000
3046 3000 2388800000
1000 1087 6485292794
1000 3913 6485292794
1087 1000 6485292794
1087 4000 6485292794
3913 1000 6485292794
3913 4000 6485292794
4000 1087 6485292794
4000 3913 6485292794
1000 2414 4221800001
1000 2586 4221800001
2414 1000 4221800001
2414 4000 4221800001
2586 1000 4221800001
2586 4000 4221800001
4000 2414 4221800001
4000 2586 4221800001
1000 2140 3044246435
1000 2860 3044246435
2140 1000 3044246435
2140 4000 3044246435
2860 1000 3044246435
2860 4000 3044246435
4000 2140 3044246435
4000 2860 3044246435
2000 2163 1116691991
2000 2837 1116691991
2163 2000 1116691991
2163 3000 1116691991
2837 2000 1116691991
2837 3000 1116691991
3000 2163 1116691991
3000 2837 1116691991
306 1000 1889499998
306 4000 1889499998
1000 306 1889499998
1000 4694 1889499998
4000 306 1889499998
4000 4694 1889499998
4694 1000 1889499998
4694 4000 1889499998
1000 1419 2339600000
1000 3581 2339600000
1419 1000 2339600000
1419 4000 2339600000
3581 1000 2339600000
3581 4000 2339600000
4000 1419 2339600000
4000 3581 2339600000
987 2480 1392500000
987 2520 1392500000
2480 987 1392500000
2480 4013 1392500000
2520 987 1392500000
2520 4013 1392500000
4013 2480 1392500000
4013 2520 1392500000
1000 1808 6206521021
1000 3192 6206521021
1808 1000 6206521021
1808 4000 6206521021
3192 1000 6206521021
3192 4000 6206521021
4000 1808 6206521021
4000 3192 6206521021
1000 2393 4862543141
1000 2607 4862543141
2393 1000 4862543141
2393 4000 4862543141
2607 1000 4862543141
2607 4000 4862543141
4000 2393 4862543141
4000 2607 4862543141
1000 1571 5658691077
1000 3429 5658691077
1571 1000 5658691077
1571 4000 5658691077
3429 1000 5658691077
3429 4000 5658691077
4000 1571 5658691077
4000 3429 5658691077
1494 2000 1327008688
1494 3000 1327008688
2000 1494 1327008688
2000 3506 1327008688
3000 1494 1327008688
3000 3506 1327008688
3506 2000 1327008688
3506 3000 1327008688
1000 1327 3686300000
1000 3673 3686300000
1327 1000 3686300000
1327 4000 3686300000
3673 1000 3686300000
3673 4000 3686300000
4000 1327 3686300000
4000 3673 3686300000
892 2362 314528893
892 2638 314528893
2362 892 314528893
2362 4108 314528893
2638 892 314528893
2638 4108 314528893
4108 2362 314528893
4108 2638 314528893
904 1000 33217599228
904 4000 33217599228
1000 904 33217599228
1000 4096 33217599228
4000 904 33217599228
4000 4096 33217599228
4096 1000 33217599228
4096 4000 33217599228
1956 2408 839814844
1956 2592 839814844
2408 1956 839814844
2408 3044 839814844
2592 1956 839814844
2592 3044 839814844
3044 2408 839814844
3044 2592 839814844
1000 1316 4796000000
1000 3684 4796000000
1316 1000 4796000000
1316 4000 4796000000
3684 1000 4796000000
3684 4000 4796000000
4000 1316 4796000000
4000 3684 4796000000
917 1756 861557473
917 3244 861557473
1756 917 861557473
1756 4083 861557473
3244 917 861557473
3244 4083 861557473
4083 1756 861557473
4083 3244 861557473
960 2446 2897500000
960 2554 2897500000
2446 960 2897500000
2446 4040 2897500000
2554 960 2897500000
2554 4040 2897500000
4040 2446 2897500000
4040 2554 2897500000
740 1000 31648799997
740 4000 31648799997
1000 740 31648799997
1000 4260 31648799997
4000 740 31648799997
4000 4260 31648799997
4260 1000 31648799997
4260 4000 31648799997
943 2470 1342800000
943 2530 1342800000
2470 943 1342800000
2470 4057 1342800000
2530 943 1342800000
2530 4057 1342800000
4057 2470 1342800000
4057 2530 1342800000
906 1569 1462100000
906 3431 1462100000
1569 906 1462100000
1569 4094 1462100000
3431 906 1462100000
3431 4094 1462100000
4094 1569 1462100000
4094 3431 1462100000
1716 2359 0
1716 2641 0
2359 1716 0
2359 3284 0
2641 1716 0
2641 3284 0
3284 2359 0
3284 2641 0
1000 1720 3512722196
1000 3280 3512722196
1720 1000 3512722196
1720 4000 3512722196
3280 1000 3512722196
3280 4000 3512722196
4000 1720 3512722196
4000 3280 3512722196
1000 1580 3908700000
1000 3420 3908700000
1580 1000 3908700000
1580 4000 3908700000
3420 1000 3908700000
3420 4000 3908700000
4000 1580 3908700000
4000 3420 3908700000
1000 1656 3249362331
1000 3344 3249362331
1656 1000 3249362331
1656 4000 3249362331
3344 1000 3249362331
3344 4000 3249362331
4000 1656 3249362331
4000 3344 3249362331
2000 2287 6342100000
2000 2713 6342100000
2287 2000 6342100000
2287 3000 6342100000
2713 2000 6342100000
2713 3000 6342100000
3000 2287 6342100000
3000 2713 6342100000
1000 1780 3248270233
1000 3220 3248270233
1780 1000 3248270233
1780 4000 3248270233
3220 1000 3248270233
3220 4000 3248270233
4000 1780 3248270233
4000 3220 3248270233
1265 1675 1069400006
1265 3325 1069400006
1675 1265 1069400006
1675 3735 1069400006
3325 1265 1069400006
3325 3735 1069400006
3735 1675 1069400006
3735 3325 1069400006
832 2477 737171996
832 2523 737171996
2477 832 737171996
2477 4168 737171996
2523 832 737171996
2523 4168 737171996
4168 2477 737171996
4168 2523 737171996
1620 2249 9686585845
1620 2751 9686585845
2249 1620 9686585845
2249 3380 9686585845
2751 1620 9686585845
2751 3380 9686585845
3380 2249 9686585845
3380 2751 9686585845
1640 2265 5482143350
1640 2735 5482143350
2265 1640 5482143350
2265 3360 5482143350
2735 1640 5482143350
2735 3360 5482143350
3360 2265 5482143350
3360 2735 5482143350
1620 2443 0
1620 2557 0
2443 1620 0
2443 3380 0
2557 1620 0
2557 3380 0
3380 2443 0
3380 2557 0
922 1495 1852993755
922 3505 1852993755
1495 922 1852993755
1495 4078 1852993755
3505 922 1852993755
3505 4078 1852993755
4078 1495 1852993755
4078 3505 1852993755
1462 1843 7265200000
1462 3157 7265200000
1843 1462 7265200000
1843 3538 7265200000
3157 1462 7265200000
3157 3538 7265200000
3538 1843 7265200000
3538 3157 7265200000
738 2000 38844799997
738 3000 38844799997
2000 738 38844799997
2000 4262 38844799997
3000 738 38844799997
3000 4262 38844799997
4262 2000 38844799997
4262 3000 38844799997
1660 2322 4270200000
1660 2678 4270200000
2322 1660 4270200000
2322 3340 4270200000
2678 1660 4270200000
2678 3340 4270200000
3340 2322 4270200000
3340 2678 4270200000
1600 2232 7998566697
1600 2768 7998566697
2232 1600 7998566697
2232 3400 7998566697
2768 1600 7998566697
2768 3400 7998566697
3400 2232 7998566697
3400 2768 7998566697
