5000 1001
1001
10000000
4604
400 2000 18895
400 3000 18895
2000 400 18895
2000 4600 18895
3000 400 18895
3000 4600 18895
4600 2000 18895
4600 3000 18895
450 1000 48670
450 4000 48670
1000 450 48670
1000 4550 48670
4000 450 48670
4000 4550 48670
4550 1000 48670
4550 4000 48670
450 2000 42466
450 3000 42466
2000 450 42466
2000 4550 42466
3000 450 42466
3000 4550 42466
4550 2000 42466
4550 3000 42466
550 1000 63062
550 4000 63062
1000 550 63062
1000 4450 63062
4000 550 63062
4000 4450 63062
4450 1000 63062
4450 4000 63062
550 2000 226579
550 3000 226579
2000 550 226579
2000 4450 226579
3000 550 226579
3000 4450 226579
4450 2000 226579
4450 3000 226579
600 1000 2926
600 4000 2926
1000 600 2926
1000 4400 2926
4000 600 2926
4000 4400 2926
4400 1000 2926
4400 4000 2926
600 2000 342472
600 3000 342472
2000 600 342472
2000 4400 342472
3000 600 342472
3000 4400 342472
4400 2000 342472
4400 3000 342472
650 2000 133899
650 3000 133899
2000 650 133899
2000 4350 133899
3000 650 133899
3000 4350 133899
4350 2000 133899
4350 3000 133899
700 1000 437854
700 4000 437854
1000 700 437854
1000 4300 437854
4000 700 437854
4000 4300 437854
4300 1000 437854
4300 4000 437854
700 2000 53294
700 3000 53294
2000 700 53294
2000 4300 53294
3000 700 53294
3000 4300 53294
4300 2000 53294
4300 3000 53294
800 2000 81136
800 3000 81136
2000 800 81136
2000 4200 81136
3000 800 81136
3000 4200 81136
4200 2000 81136
4200 3000 81136
850 1000 165113
850 4000 165113
1000 850 165113
1000 4150 165113
4000 850 165113
4000 4150 165113
4150 1000 165113
4150 4000 165113
850 1600 11179
850 3400 11179
1600 850 11179
1600 4150 11179
3400 850 11179
3400 4150 11179
4150 1600 11179
4150 3400 11179
900 1500 20741
900 3500 20741
1500 900 20741
1500 4100 20741
3500 900 20741
3500 4100 20741
4100 1500 20741
4100 3500 20741
900 1550 12152
900 3450 12152
1550 900 12152
1550 4100 12152
3450 900 12152
3450 4100 12152
4100 1550 12152
4100 3450 12152
950 1000 189580
950 4000 189580
1000 950 189580
1000 4050 189580
4000 950 189580
4000 4050 189580
4050 1000 189580
4050 4000 189580
950 2000 169069
950 3000 169069
2000 950 169069
2000 4050 169069
3000 950 169069
3000 4050 169069
4050 2000 169069
4050 3000 169069
1000 1000 371489
1000 4000 371489
4000 1000 371489
4000 4000 371489
1000 1150 5888
1000 3850 5888
1150 1000 5888
1150 4000 5888
3850 1000 5888
3850 4000 5888
4000 1150 5888
4000 3850 5888
1000 1200 15472
1000 3800 15472
1200 1000 15472
1200 4000 15472
3800 1000 15472
3800 4000 15472
4000 1200 15472
4000 3800 15472
1000 1350 28422
1000 3650 28422
1350 1000 28422
1350 4000 28422
3650 1000 28422
3650 4000 28422
4000 1350 28422
4000 3650 28422
1000 1400 45772
1000 3600 45772
1400 1000 45772
1400 4000 45772
3600 1000 45772
3600 4000 45772
4000 1400 45772
4000 3600 45772
1000 1500 49335
1000 3500 49335
1500 1000 49335
1500 4000 49335
3500 1000 49335
3500 4000 49335
4000 1500 49335
4000 3500 49335
1000 1550 11963
1000 3450 11963
1550 1000 11963
1550 4000 11963
3450 1000 11963
3450 4000 11963
4000 1550 11963
4000 3450 11963
1000 1600 35655
1000 3400 35655
1600 1000 35655
1600 4000 35655
3400 1000 35655
3400 4000 35655
4000 1600 35655
4000 3400 35655
1000 1650 3772
1000 3350 3772
1650 1000 3772
1650 4000 3772
3350 1000 3772
3350 4000 3772
4000 1650 3772
4000 3350 3772
1000 1700 31844
1000 3300 31844
1700 1000 31844
1700 4000 31844
3300 1000 31844
3300 4000 31844
4000 1700 31844
4000 3300 31844
1000 1750 32069
1000 3250 32069
1750 1000 32069
1750 4000 32069
3250 1000 32069
3250 4000 32069
4000 1750 32069
4000 3250 32069
1000 1800 22564
1000 3200 22564
1800 1000 22564
1800 4000 22564
3200 1000 22564
3200 4000 22564
4000 1800 22564
4000 3200 22564
1000 1850 28710
1000 3150 28710
1850 1000 28710
1850 4000 28710
3150 1000 28710
3150 4000 28710
4000 1850 28710
4000 3150 28710
1000 1900 54318
1000 3100 54318
1900 1000 54318
1900 4000 54318
3100 1000 54318
3100 4000 54318
4000 1900 54318
4000 3100 54318
1000 1950 49949
1000 3050 49949
1950 1000 49949
1950 4000 49949
3050 1000 49949
3050 4000 49949
4000 1950 49949
4000 3050 49949
1000 2050 18992
1000 2950 18992
2050 1000 18992
2050 4000 18992
2950 1000 18992
2950 4000 18992
4000 2050 18992
4000 2950 18992
1000 2100 32348
1000 2900 32348
2100 1000 32348
2100 4000 32348
2900 1000 32348
2900 4000 32348
4000 2100 32348
4000 2900 32348
1000 2200 46141
1000 2800 46141
2200 1000 46141
2200 4000 46141
2800 1000 46141
2800 4000 46141
4000 2200 46141
4000 2800 46141
1000 2250 15144
1000 2750 15144
2250 1000 15144
2250 4000 15144
2750 1000 15144
2750 4000 15144
4000 2250 15144
4000 2750 15144
1000 2300 40379
1000 2700 40379
2300 1000 40379
2300 4000 40379
2700 1000 40379
2700 4000 40379
4000 2300 40379
4000 2700 40379
1000 2350 55231
1000 2650 55231
2350 1000 55231
2350 4000 55231
2650 1000 55231
2650 4000 55231
4000 2350 55231
4000 2650 55231
1000 2400 16703
1000 2600 16703
2400 1000 16703
2400 4000 16703
2600 1000 16703
2600 4000 16703
4000 2400 16703
4000 2600 16703
1000 2450 42057
1000 2550 42057
2450 1000 42057
2450 4000 42057
2550 1000 42057
2550 4000 42057
4000 2450 42057
4000 2550 42057
1050 2000 7793
1050 3000 7793
2000 1050 7793
2000 3950 7793
3000 1050 7793
3000 3950 7793
3950 2000 7793
3950 3000 7793
1100 2000 14787
1100 3000 14787
2000 1100 14787
2000 3900 14787
3000 1100 14787
3000 3900 14787
3900 2000 14787
3900 3000 14787
1150 2000 33195
1150 3000 33195
2000 1150 33195
2000 3850 33195
3000 1150 33195
3000 3850 33195
3850 2000 33195
3850 3000 33195
1200 2000 32812
1200 3000 32812
2000 1200 32812
2000 3800 32812
3000 1200 32812
3000 3800 32812
3800 2000 32812
3800 3000 32812
1250 2000 19420
1250 3000 19420
2000 1250 19420
2000 3750 19420
3000 1250 19420
3000 3750 19420
3750 2000 19420
3750 3000 19420
1300 2000 62471
1300 3000 62471
2000 1300 62471
2000 3700 62471
3000 1300 62471
3000 3700 62471
3700 2000 62471
3700 3000 62471
1350 2000 46670
1350 3000 46670
2000 1350 46670
2000 3650 46670
3000 1350 46670
3000 3650 46670
3650 2000 46670
3650 3000 46670
1400 2000 61832
1400 3000 61832
2000 1400 61832
2000 3600 61832
3000 1400 61832
3000 3600 61832
3600 2000 61832
3600 3000 61832
1450 2000 48385
1450 3000 48385
2000 1450 48385
2000 3550 48385
3000 1450 48385
3000 3550 48385
3550 2000 48385
3550 3000 48385
1550 2000 42492
1550 3000 42492
2000 1550 42492
2000 3450 42492
3000 1550 42492
3000 3450 42492
3450 2000 42492
3450 3000 42492
1650 2000 58278
1650 3000 58278
2000 1650 58278
2000 3350 58278
3000 1650 58278
3000 3350 58278
3350 2000 58278
3350 3000 58278
1700 2000 39611
1700 3000 39611
2000 1700 39611
2000 3300 39611
3000 1700 39611
3000 3300 39611
3300 2000 39611
3300 3000 39611
1750 2000 43627
1750 3000 43627
2000 1750 43627
2000 3250 43627
3000 1750 43627
3000 3250 43627
3250 2000 43627
3250 3000 43627
1800 2000 33153
1800 3000 33153
2000 1800 33153
2000 3200 33153
3000 1800 33153
3000 3200 33153
3200 2000 33153
3200 3000 33153
1800 2450 168573
1800 2550 168573
2450 1800 168573
2450 3200 168573
2550 1800 168573
2550 3200 168573
3200 2450 168573
3200 2550 168573
1850 2000 18686
1850 3000 18686
2000 1850 18686
2000 3150 18686
3000 1850 18686
3000 3150 18686
3150 2000 18686
3150 3000 18686
1900 2000 25078
1900 3000 25078
2000 1900 25078
2000 3100 25078
3000 1900 25078
3000 3100 25078
3100 2000 25078
3100 3000 25078
2000 2100 20153
2000 2900 20153
2100 2000 20153
2100 3000 20153
2900 2000 20153
2900 3000 20153
3000 2100 20153
3000 2900 20153
2000 2200 15243
2000 2800 15243
2200 2000 15243
2200 3000 15243
2800 2000 15243
2800 3000 15243
3000 2200 15243
3000 2800 15243
2000 2250 25893
2000 2750 25893
2250 2000 25893
2250 3000 25893
2750 2000 25893
2750 3000 25893
3000 2250 25893
3000 2750 25893
2000 2300 46410
2000 2700 46410
2300 2000 46410
2300 3000 46410
2700 2000 46410
2700 3000 46410
3000 2300 46410
3000 2700 46410
2000 2350 99638
2000 2650 99638
2350 2000 99638
2350 3000 99638
2650 2000 99638
2650 3000 99638
3000 2350 99638
3000 2650 99638
2000 2400 62968
2000 2600 62968
2400 2000 62968
2400 3000 62968
2600 2000 62968
2600 3000 62968
3000 2400 62968
3000 2600 62968
2000 2450 92880
2000 2550 92880
2450 2000 92880
2450 3000 92880
2550 2000 92880
2550 3000 92880
3000 2450 92880
3000 2550 92880
2050 2300 33326
2050 2700 33326
2300 2050 33326
2300 2950 33326
2700 2050 33326
2700 2950 33326
2950 2300 33326
2950 2700 33326
2250 2450 42084
2250 2550 42084
2450 2250 42084
2450 2750 42084
2550 2250 42084
2550 2750 42084
2750 2450 42084
2750 2550 42084
1000 1970 49407
1000 3030 49407
1970 1000 49407
1970 4000 49407
3030 1000 49407
3030 4000 49407
4000 1970 49407
4000 3030 49407
1000 1045 1906
1000 3955 1906
1045 1000 1906
1045 4000 1906
3955 1000 1906
3955 4000 1906
4000 1045 1906
4000 3955 1906
998 2000 171936
998 3000 171936
2000 998 171936
2000 4002 171936
3000 998 171936
3000 4002 171936
4002 2000 171936
4002 3000 171936
990 2000 177294
990 3000 177294
2000 990 177294
2000 4010 177294
3000 990 177294
3000 4010 177294
4010 2000 177294
4010 3000 177294
1970 2000 23446
1970 3000 23446
2000 1970 23446
2000 3030 23446
3000 1970 23446
3000 3030 23446
3030 2000 23446
3030 3000 23446
1958 2000 6652
1958 3000 6652
2000 1958 6652
2000 3042 6652
3000 1958 6652
3000 3042 6652
3042 2000 6652
3042 3000 6652
1000 2109 54011
1000 2891 54011
2109 1000 54011
2109 4000 54011
2891 1000 54011
2891 4000 54011
4000 2109 54011
4000 2891 54011
1117 2000 11292
1117 3000 11292
2000 1117 11292
2000 3883 11292
3000 1117 11292
3000 3883 11292
3883 2000 11292
3883 3000 11292
1176 2000 22117
1176 3000 22117
2000 1176 22117
2000 3824 22117
3000 1176 22117
3000 3824 22117
3824 2000 22117
3824 3000 22117
1871 2000 30168
1871 3000 30168
2000 1871 30168
2000 3129 30168
3000 1871 30168
3000 3129 30168
3129 2000 30168
3129 3000 30168
986 1370 30336
986 3630 30336
1370 986 30336
1370 4014 30336
3630 986 30336
3630 4014 30336
4014 1370 30336
4014 3630 30336
874 2000 122598
874 3000 122598
2000 874 122598
2000 4126 122598
3000 874 122598
3000 4126 122598
4126 2000 122598
4126 3000 122598
1220 2000 53114
1220 3000 53114
2000 1220 53114
2000 3780 53114
3000 1220 53114
3000 3780 53114
3780 2000 53114
3780 3000 53114
1232 2000 34431
1232 3000 34431
2000 1232 34431
2000 3768 34431
3000 1232 34431
3000 3768 34431
3768 2000 34431
3768 3000 34431
1372 2000 64720
1372 3000 64720
2000 1372 64720
2000 3628 64720
3000 1372 64720
3000 3628 64720
3628 2000 64720
3628 3000 64720
1867 2500 15430
2500 1867 15430
2500 3133 15430
3133 2500 15430
1574 1811 30803
1574 3189 30803
1811 1574 30803
1811 3426 30803
3189 1574 30803
3189 3426 30803
3426 1811 30803
3426 3189 30803
1430 2000 24366
1430 3000 24366
2000 1430 24366
2000 3570 24366
3000 1430 24366
3000 3570 24366
3570 2000 24366
3570 3000 24366
1000 1930 13112
1000 3070 13112
1930 1000 13112
1930 4000 13112
3070 1000 13112
3070 4000 13112
4000 1930 13112
4000 3070 13112
1000 1914 15144
1000 3086 15144
1914 1000 15144
1914 4000 15144
3086 1000 15144
3086 4000 15144
4000 1914 15144
4000 3086 15144
1261 2000 23912
1261 3000 23912
2000 1261 23912
2000 3739 23912
3000 1261 23912
3000 3739 23912
3739 2000 23912
3739 3000 23912
1480 2000 18848
1480 3000 18848
2000 1480 18848
2000 3520 18848
3000 1480 18848
3000 3520 18848
3520 2000 18848
3520 3000 18848
1881 2000 30079
1881 3000 30079
2000 1881 30079
2000 3119 30079
3000 1881 30079
3000 3119 30079
3119 2000 30079
3119 3000 30079
1570 2000 45065
1570 3000 45065
2000 1570 45065
2000 3430 45065
3000 1570 45065
3000 3430 45065
3430 2000 45065
3430 3000 45065
1000 1870 26023
1000 3130 26023
1870 1000 26023
1870 4000 26023
3130 1000 26023
3130 4000 26023
4000 1870 26023
4000 3130 26023
1936 2000 23147
1936 3000 23147
2000 1936 23147
2000 3064 23147
3000 1936 23147
3000 3064 23147
3064 2000 23147
3064 3000 23147
1460 2000 34469
1460 3000 34469
2000 1460 34469
2000 3540 34469
3000 1460 34469
3000 3540 34469
3540 2000 34469
3540 3000 34469
1000 2030 27151
1000 2970 27151
2030 1000 27151
2030 4000 27151
2970 1000 27151
2970 4000 27151
4000 2030 27151
4000 2970 27151
1280 2000 79739
1280 3000 79739
2000 1280 79739
2000 3720 79739
3000 1280 79739
3000 3720 79739
3720 2000 79739
3720 3000 79739
1270 2000 50424
1270 3000 50424
2000 1270 50424
2000 3730 50424
3000 1270 50424
3000 3730 50424
3730 2000 50424
3730 3000 50424
1780 2000 58041
1780 3000 58041
2000 1780 58041
2000 3220 58041
3000 1780 58041
3000 3220 58041
3220 2000 58041
3220 3000 58041
1770 2000 50540
1770 3000 50540
2000 1770 50540
2000 3230 50540
3000 1770 50540
3000 3230 50540
3230 2000 50540
3230 3000 50540
1760 2000 61065
1760 3000 61065
2000 1760 61065
2000 3240 61065
3000 1760 61065
3000 3240 61065
3240 2000 61065
3240 3000 61065
1641 1741 235581
1641 3259 235581
1741 1641 235581
1741 3359 235581
3259 1641 235581
3259 3359 235581
3359 1741 235581
3359 3259 235581
2208 2420 49163
2208 2580 49163
2420 2208 49163
2420 2792 49163
2580 2208 49163
2580 2792 49163
2792 2420 49163
2792 2580 49163
999 999 109708
999 4001 109708
4001 999 109708
4001 4001 109708
1026 2000 6965
1026 3000 6965
2000 1026 6965
2000 3974 6965
3000 1026 6965
3000 3974 6965
3974 2000 6965
3974 3000 6965
1000 2170 14932
1000 2830 14932
2170 1000 14932
2170 4000 14932
2830 1000 14932
2830 4000 14932
4000 2170 14932
4000 2830 14932
1000 2164 11184
1000 2836 11184
2164 1000 11184
2164 4000 11184
2836 1000 11184
2836 4000 11184
4000 2164 11184
4000 2836 11184
1000 2180 18011
1000 2820 18011
2180 1000 18011
2180 4000 18011
2820 1000 18011
2820 4000 18011
4000 2180 18011
4000 2820 18011
1000 2316 22576
1000 2684 22576
2316 1000 22576
2316 4000 22576
2684 1000 22576
2684 4000 22576
4000 2316 22576
4000 2684 22576
1000 2320 27472
1000 2680 27472
2320 1000 27472
2320 4000 27472
2680 1000 27472
2680 4000 27472
4000 2320 27472
4000 2680 27472
1000 2464 20837
1000 2536 20837
2464 1000 20837
2464 4000 20837
2536 1000 20837
2536 4000 20837
4000 2464 20837
4000 2536 20837
1327 2000 34612
1327 3000 34612
2000 1327 34612
2000 3673 34612
3000 1327 34612
3000 3673 34612
3673 2000 34612
3673 3000 34612
1000 2306 8520
1000 2694 8520
2306 1000 8520
2306 4000 8520
2694 1000 8520
2694 4000 8520
4000 2306 8520
4000 2694 8520
1982 2250 9649
1982 2750 9649
2250 1982 9649
2250 3018 9649
2750 1982 9649
2750 3018 9649
3018 2250 9649
3018 2750 9649
1000 1817 49732
1000 3183 49732
1817 1000 49732
1817 4000 49732
3183 1000 49732
3183 4000 49732
4000 1817 49732
4000 3183 49732
1000 2330 39428
1000 2670 39428
2330 1000 39428
2330 4000 39428
2670 1000 39428
2670 4000 39428
4000 2330 39428
4000 2670 39428
1000 2430 27910
1000 2570 27910
2430 1000 27910
2430 4000 27910
2570 1000 27910
2570 4000 27910
4000 2430 27910
4000 2570 27910
1000 2422 37345
1000 2578 37345
2422 1000 37345
2422 4000 37345
2578 1000 37345
2578 4000 37345
4000 2422 37345
4000 2578 37345
1000 2380 41777
1000 2620 41777
2380 1000 41777
2380 4000 41777
2620 1000 41777
2620 4000 41777
4000 2380 41777
4000 2620 41777
1000 2370 45624
1000 2630 45624
2370 1000 45624
2370 4000 45624
2630 1000 45624
2630 4000 45624
4000 2370 45624
4000 2630 45624
1000 2360 34509
1000 2640 34509
2360 1000 34509
2360 4000 34509
2640 1000 34509
2640 4000 34509
4000 2360 34509
4000 2640 34509
1730 2000 46217
1730 3000 46217
2000 1730 46217
2000 3270 46217
3000 1730 46217
3000 3270 46217
3270 2000 46217
3270 3000 46217
1720 2000 36844
1720 3000 36844
2000 1720 36844
2000 3280 36844
3000 1720 36844
3000 3280 36844
3280 2000 36844
3280 3000 36844
1710 2000 51872
1710 3000 51872
2000 1710 51872
2000 3290 51872
3000 1710 51872
3000 3290 51872
3290 2000 51872
3290 3000 51872
1680 2000 32575
1680 3000 32575
2000 1680 32575
2000 3320 32575
3000 1680 32575
3000 3320 32575
3320 2000 32575
3320 3000 32575
1670 2000 35189
1670 3000 35189
2000 1670 35189
2000 3330 35189
3000 1670 35189
3000 3330 35189
3330 2000 35189
3330 3000 35189
1607 2000 30363
1607 3000 30363
2000 1607 30363
2000 3393 30363
3000 1607 30363
3000 3393 30363
3393 2000 30363
3393 3000 30363
1820 2000 37629
1820 3000 37629
2000 1820 37629
2000 3180 37629
3000 1820 37629
3000 3180 37629
3180 2000 37629
3180 3000 37629
978 1000 211189
978 4000 211189
1000 978 211189
1000 4022 211189
4000 978 211189
4000 4022 211189
4022 1000 211189
4022 4000 211189
1136 2000 6719
1136 3000 6719
2000 1136 6719
2000 3864 6719
3000 1136 6719
3000 3864 6719
3864 2000 6719
3864 3000 6719
978 2000 245244
978 3000 245244
2000 978 245244
2000 4022 245244
3000 978 245244
3000 4022 245244
4022 2000 245244
4022 3000 245244
914 2000 160497
914 3000 160497
2000 914 160497
2000 4086 160497
3000 914 160497
3000 4086 160497
4086 2000 160497
4086 3000 160497
1000 1430 50041
1000 3570 50041
1430 1000 50041
1430 4000 50041
3570 1000 50041
3570 4000 50041
4000 1430 50041
4000 3570 50041
1000 1422 18571
1000 3578 18571
1422 1000 18571
1422 4000 18571
3578 1000 18571
3578 4000 18571
4000 1422 18571
4000 3578 18571
2000 2230 21058
2000 2770 21058
2230 2000 21058
2230 3000 21058
2770 2000 21058
2770 3000 21058
3000 2230 21058
3000 2770 21058
2000 2219 863
2000 2781 863
2219 2000 863
2219 3000 863
2781 2000 863
2781 3000 863
3000 2219 863
3000 2781 863
1854 2500 102509
2500 1854 102509
2500 3146 102509
3146 2500 102509
2000 2266 38413
2000 2734 38413
2266 2000 38413
2266 3000 38413
2734 2000 38413
2734 3000 38413
3000 2266 38413
3000 2734 38413
1492 2000 11292
1492 3000 11292
2000 1492 11292
2000 3508 11292
3000 1492 11292
3000 3508 11292
3508 2000 11292
3508 3000 11292
670 2000 264572
670 3000 264572
2000 670 264572
2000 4330 264572
3000 670 264572
3000 4330 264572
4330 2000 264572
4330 3000 264572
660 2000 24063
660 3000 24063
2000 660 24063
2000 4340 24063
3000 660 24063
3000 4340 24063
4340 2000 24063
4340 3000 24063
1000 1370 25446
1000 3630 25446
1370 1000 25446
1370 4000 25446
3630 1000 25446
3630 4000 25446
4000 1370 25446
4000 3630 25446
1284 2000 8217
1284 3000 8217
2000 1284 8217
2000 3716 8217
3000 1284 8217
3000 3716 8217
3716 2000 8217
3716 3000 8217
1000 1380 41101
1000 3620 41101
1380 1000 41101
1380 4000 41101
3620 1000 41101
3620 4000 41101
4000 1380 41101
4000 3620 41101
1000 1567 6979
1000 3433 6979
1567 1000 6979
1567 4000 6979
3433 1000 6979
3433 4000 6979
4000 1567 6979
4000 3433 6979
2000 2186 18758
2000 2814 18758
2186 2000 18758
2186 3000 18758
2814 2000 18758
2814 3000 18758
3000 2186 18758
3000 2814 18758
1000 1662 22680
1000 3338 22680
1662 1000 22680
1662 4000 22680
3338 1000 22680
3338 4000 22680
4000 1662 22680
4000 3338 22680
2000 2271 33042
2000 2729 33042
2271 2000 33042
2271 3000 33042
2729 2000 33042
2729 3000 33042
3000 2271 33042
3000 2729 33042
1000 1320 34393
1000 3680 34393
1320 1000 34393
1320 4000 34393
3680 1000 34393
3680 4000 34393
4000 1320 34393
4000 3680 34393
985 1420 35529
985 3580 35529
1420 985 35529
1420 4015 35529
3580 985 35529
3580 4015 35529
4015 1420 35529
4015 3580 35529
1000 1227 90773
1000 3773 90773
1227 1000 90773
1227 4000 90773
3773 1000 90773
3773 4000 90773
4000 1227 90773
4000 3773 90773
1000 1830 17640
1000 3170 17640
1830 1000 17640
1830 4000 17640
3170 1000 17640
3170 4000 17640
4000 1830 17640
4000 3170 17640
1000 1828 12999
1000 3172 12999
1828 1000 12999
1828 4000 12999
3172 1000 12999
3172 4000 12999
4000 1828 12999
4000 3172 12999
1107 2000 17344
1107 3000 17344
2000 1107 17344
2000 3893 17344
3000 1107 17344
3000 3893 17344
3893 2000 17344
3893 3000 17344
620 2000 18890
620 3000 18890
2000 620 18890
2000 4380 18890
3000 620 18890
3000 4380 18890
4380 2000 18890
4380 3000 18890
2000 2033 4022
2000 2967 4022
2033 2000 4022
2033 3000 4022
2967 2000 4022
2967 3000 4022
3000 2033 4022
3000 2967 4022
1000 2340 49729
1000 2660 49729
2340 1000 49729
2340 4000 49729
2660 1000 49729
2660 4000 49729
4000 2340 49729
4000 2660 49729
1000 1767 25359
1000 3233 25359
1767 1000 25359
1767 4000 25359
3233 1000 25359
3233 4000 25359
4000 1767 25359
4000 3233 25359
958 1649 4752
958 3351 4752
1649 958 4752
1649 4042 4752
3351 958 4752
3351 4042 4752
4042 1649 4752
4042 3351 4752
1000 1470 54198
1000 3530 54198
1470 1000 54198
1470 4000 54198
3530 1000 54198
3530 4000 54198
4000 1470 54198
4000 3530 54198
1000 1460 24297
1000 3540 24297
1460 1000 24297
1460 4000 24297
3540 1000 24297
3540 4000 24297
4000 1460 24297
4000 3540 24297
530 2000 63062
530 3000 63062
2000 530 63062
2000 4470 63062
3000 530 63062
3000 4470 63062
4470 2000 63062
4470 3000 63062
1180 2000 20102
1180 3000 20102
2000 1180 20102
2000 3820 20102
3000 1180 20102
3000 3820 20102
3820 2000 20102
3820 3000 20102
966 1452 5440
966 3548 5440
1452 966 5440
1452 4034 5440
3548 966 5440
3548 4034 5440
4034 1452 5440
4034 3548 5440
1000 1620 41227
1000 3380 41227
1620 1000 41227
1620 4000 41227
3380 1000 41227
3380 4000 41227
4000 1620 41227
4000 3380 41227
1000 1530 39305
1000 3470 39305
1530 1000 39305
1530 4000 39305
3470 1000 39305
3470 4000 39305
4000 1530 39305
4000 3470 39305
1000 1520 37430
1000 3480 37430
1520 1000 37430
1520 4000 37430
3480 1000 37430
3480 4000 37430
4000 1520 37430
4000 3480 37430
1520 2098 31294
1520 2902 31294
2098 1520 31294
2098 3480 31294
2902 1520 31294
2902 3480 31294
3480 2098 31294
3480 2902 31294
1000 2210 40096
1000 2790 40096
2210 1000 40096
2210 4000 40096
2790 1000 40096
2790 4000 40096
4000 2210 40096
4000 2790 40096
2000 2489 101018
2000 2511 101018
2489 2000 101018
2489 3000 101018
2511 2000 101018
2511 3000 101018
3000 2489 101018
3000 2511 101018
1592 2000 24409
1592 3000 24409
2000 1592 24409
2000 3408 24409
3000 1592 24409
3000 3408 24409
3408 2000 24409
3408 3000 24409
1993 2000 14510
1993 3000 14510
2000 1993 14510
2000 3007 14510
3000 1993 14510
3000 3007 14510
3007 2000 14510
3007 3000 14510
1000 2078 30468
1000 2922 30468
2078 1000 30468
2078 4000 30468
2922 1000 30468
2922 4000 30468
4000 2078 30468
4000 2922 30468
2000 2465 88274
2000 2535 88274
2465 2000 88274
2465 3000 88274
2535 2000 88274
2535 3000 88274
3000 2465 88274
3000 2535 88274
1890 2000 28148
1890 3000 28148
2000 1890 28148
2000 3110 28148
3000 1890 28148
3000 3110 28148
3110 2000 28148
3110 3000 28148
2000 2030 18397
2000 2970 18397
2030 2000 18397
2030 3000 18397
2970 2000 18397
2970 3000 18397
3000 2030 18397
3000 2970 18397
1336 2000 40571
1336 3000 40571
2000 1336 40571
2000 3664 40571
3000 1336 40571
3000 3664 40571
3664 2000 40571
3664 3000 40571
1000 2280 35188
1000 2720 35188
2280 1000 35188
2280 4000 35188
2720 1000 35188
2720 4000 35188
4000 2280 35188
4000 2720 35188
1000 1819 17523
1000 3181 17523
1819 1000 17523
1819 4000 17523
3181 1000 17523
3181 4000 17523
4000 1819 17523
4000 3181 17523
1000 2256 8452
1000 2744 8452
2256 1000 8452
2256 4000 8452
2744 1000 8452
2744 4000 8452
4000 2256 8452
4000 2744 8452
780 2000 307343
780 3000 307343
2000 780 307343
2000 4220 307343
3000 780 307343
3000 4220 307343
4220 2000 307343
4220 3000 307343
1000 2479 32193
1000 2521 32193
2479 1000 32193
2479 4000 32193
2521 1000 32193
2521 4000 32193
4000 2479 32193
4000 2521 32193
2000 2137 21876
2000 2863 21876
2137 2000 21876
2137 3000 21876
2863 2000 21876
2863 3000 21876
3000 2137 21876
3000 2863 21876
1311 2000 67380
1311 3000 67380
2000 1311 67380
2000 3689 67380
3000 1311 67380
3000 3689 67380
3689 2000 67380
3689 3000 67380
1000 1210 41973
1000 3790 41973
1210 1000 41973
1210 4000 41973
3790 1000 41973
3790 4000 41973
4000 1210 41973
4000 3790 41973
519 1000 4991
519 4000 4991
1000 519 4991
1000 4481 4991
4000 519 4991
4000 4481 4991
4481 1000 4991
4481 4000 4991
2000 2043 12891
2000 2957 12891
2043 2000 12891
2043 3000 12891
2957 2000 12891
2957 3000 12891
3000 2043 12891
3000 2957 12891
2000 2430 83496
2000 2570 83496
2430 2000 83496
2430 3000 83496
2570 2000 83496
2570 3000 83496
3000 2430 83496
3000 2570 83496
988 2330 8485
988 2670 8485
2330 988 8485
2330 4012 8485
2670 988 8485
2670 4012 8485
4012 2330 8485
4012 2670 8485
1000 1306 59085
1000 3694 59085
1306 1000 59085
1306 4000 59085
3694 1000 59085
3694 4000 59085
4000 1306 59085
4000 3694 59085
1000 1440 56334
1000 3560 56334
1440 1000 56334
1440 4000 56334
3560 1000 56334
3560 4000 56334
4000 1440 56334
4000 3560 56334
900 1483 24672
900 3517 24672
1483 900 24672
1483 4100 24672
3517 900 24672
3517 4100 24672
4100 1483 24672
4100 3517 24672
940 2262 8519
940 2738 8519
2262 940 8519
2262 4060 8519
2738 940 8519
2738 4060 8519
4060 2262 8519
4060 2738 8519
1832 2000 28143
1832 3000 28143
2000 1832 28143
2000 3168 28143
3000 1832 28143
3000 3168 28143
3168 2000 28143
3168 3000 28143
1691 2000 45065
1691 3000 45065
2000 1691 45065
2000 3309 45065
3000 1691 45065
3000 3309 45065
3309 2000 45065
3309 3000 45065
670 1000 157961
670 4000 157961
1000 670 157961
1000 4330 157961
4000 670 157961
4000 4330 157961
4330 1000 157961
4330 4000 157961
1000 1628 68613
1000 3372 68613
1628 1000 68613
1628 4000 68613
3372 1000 68613
3372 4000 68613
4000 1628 68613
4000 3372 68613
2189 2499 8556
2189 2501 8556
2499 2189 8556
2499 2811 8556
2501 2189 8556
2501 2811 8556
2811 2499 8556
2811 2501 8556
1072 2500 26036
2500 1072 26036
2500 3928 26036
3928 2500 26036
1158 2000 4895
1158 3000 4895
2000 1158 4895
2000 3842 4895
3000 1158 4895
3000 3842 4895
3842 2000 4895
3842 3000 4895
1464 2000 26903
1464 3000 26903
2000 1464 26903
2000 3536 26903
3000 1464 26903
3000 3536 26903
3536 2000 26903
3536 3000 26903
2000 2115 10434
2000 2885 10434
2115 2000 10434
2115 3000 10434
2885 2000 10434
2885 3000 10434
3000 2115 10434
3000 2885 10434
1000 2221 32052
1000 2779 32052
2221 1000 32052
2221 4000 32052
2779 1000 32052
2779 4000 32052
4000 2221 32052
4000 2779 32052
1906 2000 4300
1906 3000 4300
2000 1906 4300
2000 3094 4300
3000 1906 4300
3000 3094 4300
3094 2000 4300
3094 3000 4300
1242 2000 22117
1242 3000 22117
2000 1242 22117
2000 3758 22117
3000 1242 22117
3000 3758 22117
3758 2000 22117
3758 3000 22117
1205 1605 17819
1205 3395 17819
1605 1205 17819
1605 3795 17819
3395 1205 17819
3395 3795 17819
3795 1605 17819
3795 3395 17819
1000 2122 27620
1000 2878 27620
2122 1000 27620
2122 4000 27620
2878 1000 27620
2878 4000 27620
4000 2122 27620
4000 2878 27620
1499 1863 78676
1499 3137 78676
1863 1499 78676
1863 3501 78676
3137 1499 78676
3137 3501 78676
3501 1863 78676
3501 3137 78676
1389 2000 34139
1389 3000 34139
2000 1389 34139
2000 3611 34139
3000 1389 34139
3000 3611 34139
3611 2000 34139
3611 3000 34139
1925 2000 18123
1925 3000 18123
2000 1925 18123
2000 3075 18123
3000 1925 18123
3000 3075 18123
3075 2000 18123
3075 3000 18123
1000 1730 37763
1000 3270 37763
1730 1000 37763
1730 4000 37763
3270 1000 37763
3270 4000 37763
4000 1730 37763
4000 3270 37763
1000 2187 37915
1000 2813 37915
2187 1000 37915
2187 4000 37915
2813 1000 37915
2813 4000 37915
4000 2187 37915
4000 2813 37915
1640 1768 10458
1640 3232 10458
1768 1640 10458
1768 3360 10458
3232 1640 10458
3232 3360 10458
3360 1768 10458
3360 3232 10458
2000 2059 5002
2000 2941 5002
2059 2000 5002
2059 3000 5002
2941 2000 5002
2941 3000 5002
3000 2059 5002
3000 2941 5002
1000 2497 23561
1000 2503 23561
2497 1000 23561
2497 4000 23561
2503 1000 23561
2503 4000 23561
4000 2497 23561
4000 2503 23561
2000 2314 51189
2000 2686 51189
2314 2000 51189
2314 3000 51189
2686 2000 51189
2686 3000 51189
3000 2314 51189
3000 2686 51189
1000 1544 40408
1000 3456 40408
1544 1000 40408
1544 4000 40408
3456 1000 40408
3456 4000 40408
4000 1544 40408
4000 3456 40408
999 1834 6452
999 3166 6452
1834 999 6452
1834 4001 6452
3166 999 6452
3166 4001 6452
4001 1834 6452
4001 3166 6452
1000 1383 30688
1000 3617 30688
1383 1000 30688
1383 4000 30688
3617 1000 30688
3617 4000 30688
4000 1383 30688
4000 3617 30688
978 2130 10256
978 2870 10256
2130 978 10256
2130 4022 10256
2870 978 10256
2870 4022 10256
4022 2130 10256
4022 2870 10256
2000 2330 51932
2000 2670 51932
2330 2000 51932
2330 3000 51932
2670 2000 51932
2670 3000 51932
3000 2330 51932
3000 2670 51932
1000 2440 67877
1000 2560 67877
2440 1000 67877
2440 4000 67877
2560 1000 67877
2560 4000 67877
4000 2440 67877
4000 2560 67877
1000 1878 24063
1000 3122 24063
1878 1000 24063
1878 4000 24063
3122 1000 24063
3122 4000 24063
4000 1878 24063
4000 3122 24063
1000 1408 26131
1000 3592 26131
1408 1000 26131
1408 4000 26131
3592 1000 26131
3592 4000 26131
4000 1408 26131
4000 3592 26131
1000 2487 35819
1000 2513 35819
2487 1000 35819
2487 4000 35819
2513 1000 35819
2513 4000 35819
4000 2487 35819
4000 2513 35819
1603 2215 72251
1603 2785 72251
2215 1603 72251
2215 3397 72251
2785 1603 72251
2785 3397 72251
3397 2215 72251
3397 2785 72251
1944 2000 20289
1944 3000 20289
2000 1944 20289
2000 3056 20289
3000 1944 20289
3000 3056 20289
3056 2000 20289
3056 3000 20289
1913 2000 17705
1913 3000 17705
2000 1913 17705
2000 3087 17705
3000 1913 17705
3000 3087 17705
3087 2000 17705
3087 3000 17705
987 1000 93523
987 4000 93523
1000 987 93523
1000 4013 93523
4000 987 93523
4000 4013 93523
4013 1000 93523
4013 4000 93523
2135 2370 26036
2135 2630 26036
2370 2135 26036
2370 2865 26036
2630 2135 26036
2630 2865 26036
2865 2370 26036
2865 2630 26036
780 1000 239466
780 4000 239466
1000 780 239466
1000 4220 239466
4000 780 239466
4000 4220 239466
4220 1000 239466
4220 4000 239466
753 1000 162458
753 4000 162458
1000 753 162458
1000 4247 162458
4000 753 162458
4000 4247 162458
4247 1000 162458
4247 4000 162458
903 1635 27831
903 3365 27831
1635 903 27831
1635 4097 27831
3365 903 27831
3365 4097 27831
4097 1635 27831
4097 3365 27831
1292 2000 8673
1292 3000 8673
2000 1292 8673
2000 3708 8673
3000 1292 8673
3000 3708 8673
3708 2000 8673
3708 3000 8673
1000 1390 45761
1000 3610 45761
1390 1000 45761
1390 4000 45761
3610 1000 45761
3610 4000 45761
4000 1390 45761
4000 3610 45761
863 1516 5568
863 3484 5568
1516 863 5568
1516 4137 5568
3484 863 5568
3484 4137 5568
4137 1516 5568
4137 3484 5568
1000 2386 22601
1000 2614 22601
2386 1000 22601
2386 4000 22601
2614 1000 22601
2614 4000 22601
4000 2386 22601
4000 2614 22601
1000 1335 55964
1000 3665 55964
1335 1000 55964
1335 4000 55964
3665 1000 55964
3665 4000 55964
4000 1335 55964
4000 3665 55964
1000 1854 4566
1000 3146 4566
1854 1000 4566
1854 4000 4566
3146 1000 4566
3146 4000 4566
4000 1854 4566
4000 3146 4566
1340 2000 37395
1340 3000 37395
2000 1340 37395
2000 3660 37395
3000 1340 37395
3000 3660 37395
3660 2000 37395
3660 3000 37395
1419 2000 30539
1419 3000 30539
2000 1419 30539
2000 3581 30539
3000 1419 30539
3000 3581 30539
3581 2000 30539
3581 3000 30539
930 1000 239867
930 4000 239867
1000 930 239867
1000 4070 239867
4000 930 239867
4000 4070 239867
4070 1000 239867
4070 4000 239867
920 1000 23282
920 4000 23282
1000 920 23282
1000 4080 23282
4000 920 23282
4000 4080 23282
4080 1000 23282
4080 4000 23282
1000 1290 83100
1000 3710 83100
1290 1000 83100
1290 4000 83100
3710 1000 83100
3710 4000 83100
4000 1290 83100
4000 3710 83100
987 1935 73756
987 3065 73756
1935 987 73756
1935 4013 73756
3065 987 73756
3065 4013 73756
4013 1935 73756
4013 3065 73756
1973 2270 25083
1973 2730 25083
2270 1973 25083
2270 3027 25083
2730 1973 25083
2730 3027 25083
3027 2270 25083
3027 2730 25083
1000 1260 87835
1000 3740 87835
1260 1000 87835
1260 4000 87835
3740 1000 87835
3740 4000 87835
4000 1260 87835
4000 3740 87835
582 2000 94234
582 3000 94234
2000 582 94234
2000 4418 94234
3000 582 94234
3000 4418 94234
4418 2000 94234
4418 3000 94234
830 1000 381447
830 4000 381447
1000 830 381447
1000 4170 381447
4000 830 381447
4000 4170 381447
4170 1000 381447
4170 4000 381447
805 1000 170154
805 4000 170154
1000 805 170154
1000 4195 170154
4000 805 170154
4000 4195 170154
4195 1000 170154
4195 4000 170154
1560 2000 57724
1560 3000 57724
2000 1560 57724
2000 3440 57724
3000 1560 57724
3000 3440 57724
3440 2000 57724
3440 3000 57724
961 2000 207920
961 3000 207920
2000 961 207920
2000 4039 207920
3000 961 207920
3000 4039 207920
4039 2000 207920
4039 3000 207920
1073 2480 4433
1073 2520 4433
2480 1073 4433
2480 3927 4433
2520 1073 4433
2520 3927 4433
3927 2480 4433
3927 2520 4433
1999 1999 32348
1999 3001 32348
3001 1999 32348
3001 3001 32348
820 2000 27122
820 3000 27122
2000 820 27122
2000 4180 27122
3000 820 27122
3000 4180 27122
4180 2000 27122
4180 3000 27122
1996 2049 1906
1996 2951 1906
2049 1996 1906
2049 3004 1906
2951 1996 1906
2951 3004 1906
3004 2049 1906
3004 2951 1906
1190 2000 35281
1190 3000 35281
2000 1190 35281
2000 3810 35281
3000 1190 35281
3000 3810 35281
3810 2000 35281
3810 3000 35281
1170 2000 7238
1170 3000 7238
2000 1170 7238
2000 3830 7238
3000 1170 7238
3000 3830 7238
3830 2000 7238
3830 3000 7238
1438 2000 37500
1438 3000 37500
2000 1438 37500
2000 3562 37500
3000 1438 37500
3000 3562 37500
3562 2000 37500
3562 3000 37500
1470 2000 34409
1470 3000 34409
2000 1470 34409
2000 3530 34409
3000 1470 34409
3000 3530 34409
3530 2000 34409
3530 3000 34409
994 1000 298086
994 4000 298086
1000 994 298086
1000 4006 298086
4000 994 298086
4000 4006 298086
4006 1000 298086
4006 4000 298086
1861 2497 18315
1861 2503 18315
2497 1861 18315
2497 3139 18315
2503 1861 18315
2503 3139 18315
3139 2497 18315
3139 2503 18315
1461 1885 18965
1461 3115 18965
1885 1461 18965
1885 3539 18965
3115 1461 18965
3115 3539 18965
3539 1885 18965
3539 3115 18965
1527 1840 47960
1527 3160 47960
1840 1527 47960
1840 3473 47960
3160 1527 47960
3160 3473 47960
3473 1840 47960
3473 3160 47960
880 2000 93679
880 3000 93679
2000 880 93679
2000 4120 93679
3000 880 93679
3000 4120 93679
4120 2000 93679
4120 3000 93679
890 2000 72835
890 3000 72835
2000 890 72835
2000 4110 72835
3000 890 72835
3000 4110 72835
4110 2000 72835
4110 3000 72835
1000 2086 24304
1000 2914 24304
2086 1000 24304
2086 4000 24304
2914 1000 24304
2914 4000 24304
4000 2086 24304
4000 2914 24304
1000 1935 33857
1000 3065 33857
1935 1000 33857
1935 4000 33857
3065 1000 33857
3065 4000 33857
4000 1935 33857
4000 3065 33857
1000 2192 7793
1000 2808 7793
2192 1000 7793
2192 4000 7793
2808 1000 7793
2808 4000 7793
4000 2192 7793
4000 2808 7793
1457 1889 26934
1457 3111 26934
1889 1457 26934
1889 3543 26934
3111 1457 26934
3111 3543 26934
3543 1889 26934
3543 3111 26934
1602 2203 52822
1602 2797 52822
2203 1602 52822
2203 3398 52822
2797 1602 52822
2797 3398 52822
3398 2203 52822
3398 2797 52822
989 2424 9877
989 2576 9877
2424 989 9877
2424 4011 9877
2576 989 9877
2576 4011 9877
4011 2424 9877
4011 2576 9877
1240 1648 31205
1240 3352 31205
1648 1240 31205
1648 3760 31205
3352 1240 31205
3352 3760 31205
3760 1648 31205
3760 3352 31205
1000 2230 34335
1000 2770 34335
2230 1000 34335
2230 4000 34335
2770 1000 34335
2770 4000 34335
4000 2230 34335
4000 2770 34335
630 1000 508938
630 4000 508938
1000 630 508938
1000 4370 508938
4000 630 508938
4000 4370 508938
4370 1000 508938
4370 4000 508938
1920 2495 2938
1920 2505 2938
2495 1920 2938
2495 3080 2938
2505 1920 2938
2505 3080 2938
3080 2495 2938
3080 2505 2938
925 1520 21443
925 3480 21443
1520 925 21443
1520 4075 21443
3480 925 21443
3480 4075 21443
4075 1520 21443
4075 3480 21443
933 2395 3831
933 2605 3831
2395 933 3831
2395 4067 3831
2605 933 3831
2605 4067 3831
4067 2395 3831
4067 2605 3831
1313 1725 26914
1313 3275 26914
1725 1313 26914
1725 3687 26914
3275 1313 26914
3275 3687 26914
3687 1725 26914
3687 3275 26914
991 1441 18279
991 3559 18279
1441 991 18279
1441 4009 18279
3559 991 18279
3559 4009 18279
4009 1441 18279
4009 3559 18279
1000 1557 27120
1000 3443 27120
1557 1000 27120
1557 4000 27120
3443 1000 27120
3443 4000 27120
4000 1557 27120
4000 3443 27120
1221 1610 61949
1221 3390 61949
1610 1221 61949
1610 3779 61949
3390 1221 61949
3390 3779 61949
3779 1610 61949
3779 3390 61949
1070 2000 6719
1070 3000 6719
2000 1070 6719
2000 3930 6719
3000 1070 6719
3000 3930 6719
3930 2000 6719
3930 3000 6719
730 2000 49407
730 3000 49407
2000 730 49407
2000 4270 49407
3000 730 49407
3000 4270 49407
4270 2000 49407
4270 3000 49407
1000 1270 62391
1000 3730 62391
1270 1000 62391
1270 4000 62391
3730 1000 62391
3730 4000 62391
4000 1270 62391
4000 3730 62391
2000 2087 17335
2000 2913 17335
2087 2000 17335
2087 3000 17335
2913 2000 17335
2913 3000 17335
3000 2087 17335
3000 2913 17335
1111 2000 6719
1111 3000 6719
2000 1111 6719
2000 3889 6719
3000 1111 6719
3000 3889 6719
3889 2000 6719
3889 3000 6719
1249 2000 13820
1249 3000 13820
2000 1249 13820
2000 3751 13820
3000 1249 13820
3000 3751 13820
3751 2000 13820
3751 3000 13820
1000 2144 8979
1000 2856 8979
2144 1000 8979
2144 4000 8979
2856 1000 8979
2856 4000 8979
4000 2144 8979
4000 2856 8979
503 1000 22752
503 4000 22752
1000 503 22752
1000 4497 22752
4000 503 22752
4000 4497 22752
4497 1000 22752
4497 4000 22752
1517 2090 17326
1517 2910 17326
2090 1517 17326
2090 3483 17326
2910 1517 17326
2910 3483 17326
3483 2090 17326
3483 2910 17326
2000 2108 18113
2000 2892 18113
2108 2000 18113
2108 3000 18113
2892 2000 18113
2892 3000 18113
3000 2108 18113
3000 2892 18113
1986 2000 23181
1986 3000 23181
2000 1986 23181
2000 3014 23181
3000 1986 23181
3000 3014 23181
3014 2000 23181
3014 3000 23181
1210 2000 21649
1210 3000 21649
2000 1210 21649
2000 3790 21649
3000 1210 21649
3000 3790 21649
3790 2000 21649
3790 3000 21649
2000 2246 45192
2000 2754 45192
2246 2000 45192
2246 3000 45192
2754 2000 45192
2754 3000 45192
3000 2246 45192
3000 2754 45192
2000 2381 61151
2000 2619 61151
2381 2000 61151
2381 3000 61151
2619 2000 61151
2619 3000 61151
3000 2381 61151
3000 2619 61151
969 2000 87249
969 3000 87249
2000 969 87249
2000 4031 87249
3000 969 87249
3000 4031 87249
4031 2000 87249
4031 3000 87249
1860 2000 17006
1860 3000 17006
2000 1860 17006
2000 3140 17006
3000 1860 17006
3000 3140 17006
3140 2000 17006
3140 3000 17006
2000 2368 141758
2000 2632 141758
2368 2000 141758
2368 3000 141758
2632 2000 141758
2632 3000 141758
3000 2368 141758
3000 2632 141758
1000 1484 61371
1000 3516 61371
1484 1000 61371
1484 4000 61371
3516 1000 61371
3516 4000 61371
4000 1484 61371
4000 3516 61371
908 2381 1511
908 2619 1511
2381 908 1511
2381 4092 1511
2619 908 1511
2619 4092 1511
4092 2381 1511
4092 2619 1511
817 2365 11559
817 2635 11559
2365 817 11559
2365 4183 11559
2635 817 11559
2635 4183 11559
4183 2365 11559
4183 2635 11559
2000 2155 21058
2000 2845 21058
2155 2000 21058
2155 3000 21058
2845 2000 21058
2845 3000 21058
3000 2155 21058
3000 2845 21058
895 2391 13061
895 2609 13061
2391 895 13061
2391 4105 13061
2609 895 13061
2609 4105 13061
4105 2391 13061
4105 2609 13061
1330 2000 12256
1330 3000 12256
2000 1330 12256
2000 3670 12256
3000 1330 12256
3000 3670 12256
3670 2000 12256
3670 3000 12256
1197 1593 23257
1197 3407 23257
1593 1197 23257
1593 3803 23257
3407 1197 23257
3407 3803 23257
3803 1593 23257
3803 3407 23257
866 2453 7540
866 2547 7540
2453 866 7540
2453 4134 7540
2547 866 7540
2547 4134 7540
4134 2453 7540
4134 2547 7540
906 2237 31865
906 2763 31865
2237 906 31865
2237 4094 31865
2763 906 31865
2763 4094 31865
4094 2237 31865
4094 2763 31865
1918 2000 36763
1918 3000 36763
2000 1918 36763
2000 3082 36763
3000 1918 36763
3000 3082 36763
3082 2000 36763
3082 3000 36763
970 1439 25512
970 3561 25512
1439 970 25512
1439 4030 25512
3561 970 25512
3561 4030 25512
4030 1439 25512
4030 3561 25512
2237 2448 20811
2237 2552 20811
2448 2237 20811
2448 2763 20811
2552 2237 20811
2552 2763 20811
2763 2448 20811
2763 2552 20811
1000 1690 51359
1000 3310 51359
1690 1000 51359
1690 4000 51359
3310 1000 51359
3310 4000 51359
4000 1690 51359
4000 3310 51359
964 1000 99531
964 4000 99531
1000 964 99531
1000 4036 99531
4000 964 99531
4000 4036 99531
4036 1000 99531
4036 4000 99531
930 1481 16465
930 3519 16465
1481 930 16465
1481 4070 16465
3519 930 16465
3519 4070 16465
4070 1481 16465
4070 3519 16465
977 1467 17164
977 3533 17164
1467 977 17164
1467 4023 17164
3533 977 17164
3533 4023 17164
4023 1467 17164
4023 3533 17164
915 1480 7019
915 3520 7019
1480 915 7019
1480 4085 7019
3520 915 7019
3520 4085 7019
4085 1480 7019
4085 3520 7019
1000 1152 17131
1000 3848 17131
1152 1000 17131
1152 4000 17131
3848 1000 17131
3848 4000 17131
4000 1152 17131
4000 3848 17131
2000 2178 23596
2000 2822 23596
2178 2000 23596
2178 3000 23596
2822 2000 23596
2822 3000 23596
3000 2178 23596
3000 2822 23596
1000 1668 22488
1000 3332 22488
1668 1000 22488
1668 4000 22488
3332 1000 22488
3332 4000 22488
4000 1668 22488
4000 3332 22488
1429 1903 30645
1429 3097 30645
1903 1429 30645
1903 3571 30645
3097 1429 30645
3097 3571 30645
3571 1903 30645
3571 3097 30645
1962 2000 27802
1962 3000 27802
2000 1962 27802
2000 3038 27802
3000 1962 27802
3000 3038 27802
3038 2000 27802
3038 3000 27802
1000 1977 18848
1000 3023 18848
1977 1000 18848
1977 4000 18848
3023 1000 18848
3023 4000 18848
4000 1977 18848
4000 3023 18848
1979 2000 30092
1979 3000 30092
2000 1979 30092
2000 3021 30092
3000 1979 30092
3000 3021 30092
3021 2000 30092
3021 3000 30092
1000 2065 19609
1000 2935 19609
2065 1000 19609
2065 4000 19609
2935 1000 19609
2935 4000 19609
4000 2065 19609
4000 2935 19609
1000 1925 42466
1000 3075 42466
1925 1000 42466
1925 4000 42466
3075 1000 42466
3075 4000 42466
4000 1925 42466
4000 3075 42466
1000 1365 30213
1000 3635 30213
1365 1000 30213
1365 4000 30213
3635 1000 30213
3635 4000 30213
4000 1365 30213
4000 3635 30213
2000 2124 3320
2000 2876 3320
2124 2000 3320
2124 3000 3320
2876 2000 3320
2876 3000 3320
3000 2124 3320
3000 2876 3320
2000 2207 10544
2000 2793 10544
2207 2000 10544
2207 3000 10544
2793 2000 10544
2793 3000 10544
3000 2207 10544
3000 2793 10544
828 2329 3190
828 2671 3190
2329 828 3190
2329 4172 3190
2671 828 3190
2671 4172 3190
4172 2329 3190
4172 2671 3190
2000 2197 6424
2000 2803 6424
2197 2000 6424
2197 3000 6424
2803 2000 6424
2803 3000 6424
3000 2197 6424
3000 2803 6424
1000 1889 41092
1000 3111 41092
1889 1000 41092
1889 4000 41092
3111 1000 41092
3111 4000 41092
4000 1889 41092
4000 3111 41092
1000 1170 42201
1000 3830 42201
1170 1000 42201
1170 4000 42201
3830 1000 42201
3830 4000 42201
4000 1170 42201
4000 3830 42201
1000 1360 48385
1000 3640 48385
1360 1000 48385
1360 4000 48385
3640 1000 48385
3640 4000 48385
4000 1360 48385
4000 3640 48385
1692 1720 210074
1692 3280 210074
1720 1692 210074
1720 3308 210074
3280 1692 210074
3280 3308 210074
3308 1720 210074
3308 3280 210074
2000 2233 26903
2000 2767 26903
2233 2000 26903
2233 3000 26903
2767 2000 26903
2767 3000 26903
3000 2233 26903
3000 2767 26903
1661 2000 44847
1661 3000 44847
2000 1661 44847
2000 3339 44847
3000 1661 44847
3000 3339 44847
3339 2000 44847
3339 3000 44847
986 1879 27335
986 3121 27335
1879 986 27335
1879 4014 27335
3121 986 27335
3121 4014 27335
4014 1879 27335
4014 3121 27335
1000 1413 11279
1000 3587 11279
1413 1000 11279
1413 4000 11279
3587 1000 11279
3587 4000 11279
4000 1413 11279
4000 3587 11279
2176 2438 44143
2176 2562 44143
2438 2176 44143
2438 2824 44143
2562 2176 44143
2562 2824 44143
2824 2438 44143
2824 2562 44143
1318 2000 29884
1318 3000 29884
2000 1318 29884
2000 3682 29884
3000 1318 29884
3000 3682 29884
3682 2000 29884
3682 3000 29884
896 1605 5276
896 3395 5276
1605 896 5276
1605 4104 5276
3395 896 5276
3395 4104 5276
4104 1605 5276
4104 3395 5276
880 1578 14957
880 3422 14957
1578 880 14957
1578 4120 14957
3422 880 14957
3422 4120 14957
4120 1578 14957
4120 3422 14957
1000 1940 26078
1000 3060 26078
1940 1000 26078
1940 4000 26078
3060 1000 26078
3060 4000 26078
4000 1940 26078
4000 3060 26078
1540 2000 25643
1540 3000 25643
2000 1540 25643
2000 3460 25643
3000 1540 25643
3000 3460 25643
3460 2000 25643
3460 3000 25643
2221 2419 7057
2221 2581 7057
2419 2221 7057
2419 2779 7057
2581 2221 7057
2581 2779 7057
2779 2419 7057
2779 2581 7057
1378 2000 18279
1378 3000 18279
2000 1378 18279
2000 3622 18279
3000 1378 18279
3000 3622 18279
3622 2000 18279
3622 3000 18279
1000 1739 42175
1000 3261 42175
1739 1000 42175
1739 4000 42175
3261 1000 42175
3261 4000 42175
4000 1739 42175
4000 3261 42175
900 2000 177500
900 3000 177500
2000 900 177500
2000 4100 177500
3000 900 177500
3000 4100 177500
4100 2000 177500
4100 3000 177500
1411 2000 32583
1411 3000 32583
2000 1411 32583
2000 3589 32583
3000 1411 32583
3000 3589 32583
3589 2000 32583
3589 3000 32583
1000 1490 43950
1000 3510 43950
1490 1000 43950
1490 4000 43950
3510 1000 43950
3510 4000 43950
4000 1490 43950
4000 3510 43950
691 2000 123877
691 3000 123877
2000 691 123877
2000 4309 123877
3000 691 123877
3000 4309 123877
4309 2000 123877
4309 3000 123877
1738 2000 44259
1738 3000 44259
2000 1738 44259
2000 3262 44259
3000 1738 44259
3000 3262 44259
3262 2000 44259
3262 3000 44259
840 2251 16559
840 2749 16559
2251 840 16559
2251 4160 16559
2749 840 16559
2749 4160 16559
4160 2251 16559
4160 2749 16559
924 1578 21161
924 3422 21161
1578 924 21161
1578 4076 21161
3422 924 21161
3422 4076 21161
4076 1578 21161
4076 3422 21161
1000 1610 84224
1000 3390 84224
1610 1000 84224
1610 4000 84224
3390 1000 84224
3390 4000 84224
4000 1610 84224
4000 3390 84224
2000 2261 42287
2000 2739 42287
2261 2000 42287
2261 3000 42287
2739 2000 42287
2739 3000 42287
3000 2261 42287
3000 2739 42287
1000 1592 87803
1000 3408 87803
1592 1000 87803
1592 4000 87803
3408 1000 87803
3408 4000 87803
4000 1592 87803
4000 3408 87803
964 2333 2819
964 2667 2819
2333 964 2819
2333 4036 2819
2667 964 2819
2667 4036 2819
4036 2333 2819
4036 2667 2819
1000 1636 24063
1000 3364 24063
1636 1000 24063
1636 4000 24063
3364 1000 24063
3364 4000 24063
4000 1636 24063
4000 3364 24063
1000 1756 34661
1000 3244 34661
1756 1000 34661
1756 4000 34661
3244 1000 34661
3244 4000 34661
4000 1756 34661
4000 3244 34661
1619 2000 56877
1619 3000 56877
2000 1619 56877
2000 3381 56877
3000 1619 56877
3000 3381 56877
3381 2000 56877
3381 3000 56877
1000 1674 39652
1000 3326 39652
1674 1000 39652
1674 4000 39652
3326 1000 39652
3326 4000 39652
4000 1674 39652
4000 3326 39652
1845 2000 28143
1845 3000 28143
2000 1845 28143
2000 3155 28143
3000 1845 28143
3000 3155 28143
3155 2000 28143
3155 3000 28143
1510 2000 34393
1510 3000 34393
2000 1510 34393
2000 3490 34393
3000 1510 34393
3000 3490 34393
3490 2000 34393
3490 3000 34393
1000 1562 35680
1000 3438 35680
1562 1000 35680
1562 4000 35680
3438 1000 35680
3438 4000 35680
4000 1562 35680
4000 3438 35680
1360 2000 66514
1360 3000 66514
2000 1360 66514
2000 3640 66514
3000 1360 66514
3000 3640 66514
3640 2000 66514
3640 3000 66514
1638 2000 42412
1638 3000 42412
2000 1638 42412
2000 3362 42412
3000 1638 42412
3000 3362 42412
3362 2000 42412
3362 3000 42412
969 1657 18192
969 3343 18192
1657 969 18192
1657 4031 18192
3343 969 18192
3343 4031 18192
4031 1657 18192
4031 3343 18192
2000 2070 751
2000 2930 751
2070 2000 751
2070 3000 751
2930 2000 751
2930 3000 751
3000 2070 751
3000 2930 751
1084 2000 17344
1084 3000 17344
2000 1084 17344
2000 3916 17344
3000 1084 17344
3000 3916 17344
3916 2000 17344
3916 3000 17344
1000 1243 96583
1000 3757 96583
1243 1000 96583
1243 4000 96583
3757 1000 96583
3757 4000 96583
4000 1243 96583
4000 3757 96583
1000 1182 24063
1000 3818 24063
1182 1000 24063
1182 4000 24063
3818 1000 24063
3818 4000 24063
4000 1182 24063
4000 3818 24063
1000 2268 9787
1000 2732 9787
2268 1000 9787
2268 4000 9787
2732 1000 9787
2732 4000 9787
4000 2268 9787
4000 2732 9787
1864 2497 43598
1864 2503 43598
2497 1864 43598
2497 3136 43598
2503 1864 43598
2503 3136 43598
3136 2497 43598
3136 2503 43598
1265 2000 38380
1265 3000 38380
2000 1265 38380
2000 3735 38380
3000 1265 38380
3000 3735 38380
3735 2000 38380
3735 3000 38380
990 2074 25157
990 2926 25157
2074 990 25157
2074 4010 25157
2926 990 25157
2926 4010 25157
4010 2074 25157
4010 2926 25157
1000 1919 13899
1000 3081 13899
1919 1000 13899
1919 4000 13899
3081 1000 13899
3081 4000 13899
4000 1919 13899
4000 3081 13899
1000 2410 13304
1000 2590 13304
2410 1000 13304
2410 4000 13304
2590 1000 13304
2590 4000 13304
4000 2410 13304
4000 2590 13304
1000 2406 36152
1000 2594 36152
2406 1000 36152
2406 4000 36152
2594 1000 36152
2594 4000 36152
4000 2406 36152
4000 2594 36152
1386 2000 35680
1386 3000 35680
2000 1386 35680
2000 3614 35680
3000 1386 35680
3000 3614 35680
3614 2000 35680
3614 3000 35680
1000 1839 35107
1000 3161 35107
1839 1000 35107
1839 4000 35107
3161 1000 35107
3161 4000 35107
4000 1839 35107
4000 3161 35107
2035 2291 9501
2035 2709 9501
2291 2035 9501
2291 2965 9501
2709 2035 9501
2709 2965 9501
2965 2291 9501
2965 2709 9501
1000 2336 9999
1000 2664 9999
2336 1000 9999
2336 4000 9999
2664 1000 9999
2664 4000 9999
4000 2336 9999
4000 2664 9999
1000 2153 21667
1000 2847 21667
2153 1000 21667
2153 4000 21667
2847 1000 21667
2847 4000 21667
4000 2153 21667
4000 2847 21667
1000 1859 34117
1000 3141 34117
1859 1000 34117
1859 4000 34117
3141 1000 34117
3141 4000 34117
4000 1859 34117
4000 3141 34117
961 2379 21357
961 2621 21357
2379 961 21357
2379 4039 21357
2621 961 21357
2621 4039 21357
4039 2379 21357
4039 2621 21357
2047 2303 12001
2047 2697 12001
2303 2047 12001
2303 2953 12001
2697 2047 12001
2697 2953 12001
2953 2303 12001
2953 2697 12001
1630 2000 42790
1630 3000 42790
2000 1630 42790
2000 3370 42790
3000 1630 42790
3000 3370 42790
3370 2000 42790
3370 3000 42790
888 1564 24767
888 3436 24767
1564 888 24767
1564 4112 24767
3436 888 24767
3436 4112 24767
4112 1564 24767
4112 3436 24767
1000 2470 42218
1000 2530 42218
2470 1000 42218
2470 4000 42218
2530 1000 42218
2530 4000 42218
4000 2470 42218
4000 2530 42218
832 2000 162458
832 3000 162458
2000 832 162458
2000 4168 162458
3000 832 162458
3000 4168 162458
4168 2000 162458
4168 3000 162458
1000 2240 35141
1000 2760 35141
2240 1000 35141
2240 4000 35141
2760 1000 35141
2760 4000 35141
4000 2240 35141
4000 2760 35141
864 1600 17091
864 3400 17091
1600 864 17091
1600 4136 17091
3400 864 17091
3400 4136 17091
4136 1600 17091
4136 3400 17091
1000 1533 14961
1000 3467 14961
1533 1000 14961
1533 4000 14961
3467 1000 14961
3467 4000 14961
4000 1533 14961
4000 3467 14961
933 2300 29821
933 2700 29821
2300 933 29821
2300 4067 29821
2700 933 29821
2700 4067 29821
4067 2300 29821
4067 2700 29821
1000 1788 38913
1000 3212 38913
1788 1000 38913
1788 4000 38913
3212 1000 38913
3212 4000 38913
4000 1788 38913
4000 3212 38913
1000 1220 5306
1000 3780 5306
1220 1000 5306
1220 4000 5306
3780 1000 5306
3780 4000 5306
4000 1220 5306
4000 3780 5306
966 1470 31851
966 3530 31851
1470 966 31851
1470 4034 31851
3530 966 31851
3530 4034 31851
4034 1470 31851
4034 3530 31851
900 1521 33247
900 3479 33247
1521 900 33247
1521 4100 33247
3479 900 33247
3479 4100 33247
4100 1521 33247
4100 3479 33247
1000 1653 14560
1000 3347 14560
1653 1000 14560
1653 4000 14560
3347 1000 14560
3347 4000 14560
4000 1653 14560
4000 3347 14560
1000 2389 20471
1000 2611 20471
2389 1000 20471
2389 4000 20471
2611 1000 20471
2611 4000 20471
4000 2389 20471
4000 2611 20471
1472 1850 5607
1472 3150 5607
1850 1472 5607
1850 3528 5607
3150 1472 5607
3150 3528 5607
3528 1850 5607
3528 3150 5607
1000 1453 64720
1000 3547 64720
1453 1000 64720
1453 4000 64720
3547 1000 64720
3547 4000 64720
4000 1453 64720
4000 3547 64720
909 1758 14787
909 3242 14787
1758 909 14787
1758 4091 14787
3242 909 14787
3242 4091 14787
4091 1758 14787
4091 3242 14787
1000 1680 34661
1000 3320 34661
1680 1000 34661
1680 4000 34661
3320 1000 34661
3320 4000 34661
4000 1680 34661
4000 3320 34661
1807 2000 48113
1807 3000 48113
2000 1807 48113
2000 3193 48113
3000 1807 48113
3000 3193 48113
3193 2000 48113
3193 3000 48113
582 1000 317887
582 4000 317887
1000 582 317887
1000 4418 317887
4000 582 317887
4000 4418 317887
4418 1000 317887
4418 4000 317887
993 2020 7716
993 2980 7716
2020 993 7716
2020 4007 7716
2980 993 7716
2980 4007 7716
4007 2020 7716
4007 2980 7716
1000 1985 14396
1000 3015 14396
1985 1000 14396
1985 4000 14396
3015 1000 14396
3015 4000 14396
4000 1985 14396
4000 3015 14396
730 1000 53294
730 4000 53294
1000 730 53294
1000 4270 53294
4000 730 53294
4000 4270 53294
4270 1000 53294
4270 4000 53294
1000 2070 18806
1000 2930 18806
2070 1000 18806
2070 4000 18806
2930 1000 18806
2930 4000 18806
4000 2070 18806
4000 2930 18806
1520 2000 47960
1520 3000 47960
2000 1520 47960
2000 3480 47960
3000 1520 47960
3000 3480 47960
3480 2000 47960
3480 3000 47960
1583 2000 56541
1583 3000 56541
2000 1583 56541
2000 3417 56541
3000 1583 56541
3000 3417 56541
3417 2000 56541
3417 3000 56541
1360 2041 13020
1360 2959 13020
2041 1360 13020
2041 3640 13020
2959 1360 13020
2959 3640 13020
3640 2041 13020
3640 2959 13020
2028 2277 21445
2028 2723 21445
2277 2028 21445
2277 2972 21445
2723 2028 21445
2723 2972 21445
2972 2277 21445
2972 2723 21445
922 1606 41453
922 3394 41453
1606 922 41453
1606 4078 41453
3394 922 41453
3394 4078 41453
4078 1606 41453
4078 3394 41453
844 2267 31465
844 2733 31465
2267 844 31465
2267 4156 31465
2733 844 31465
2733 4156 31465
4156 2267 31465
4156 2733 31465
952 2393 7559
952 2607 7559
2393 952 7559
2393 4048 7559
2607 952 7559
2607 4048 7559
4048 2393 7559
4048 2607 7559
1650 2128 29835
1650 2872 29835
2128 1650 29835
2128 3350 29835
2872 1650 29835
2872 3350 29835
3350 2128 29835
3350 2872 29835
981 1390 12826
981 3610 12826
1390 981 12826
1390 4019 12826
3610 981 12826
3610 4019 12826
4019 1390 12826
4019 3610 12826
1000 1963 14169
1000 3037 14169
1963 1000 14169
1963 4000 14169
3037 1000 14169
3037 4000 14169
4000 1963 14169
4000 3037 14169
987 2466 29262
987 2534 29262
2466 987 29262
2466 4013 29262
2534 987 29262
2534 4013 29262
4013 2466 29262
4013 2534 29262
1569 2180 45578
1569 2820 45578
2180 1569 45578
2180 3431 45578
2820 1569 45578
2820 3431 45578
3431 2180 45578
3431 2820 45578
950 2420 4970
950 2580 4970
2420 950 4970
2420 4050 4970
2580 950 4970
2580 4050 4970
4050 2420 4970
4050 2580 4970
1000 2482 35281
1000 2518 35281
2482 1000 35281
2482 4000 35281
2518 1000 35281
2518 4000 35281
4000 2482 35281
4000 2518 35281
972 2357 7553
972 2643 7553
2357 972 7553
2357 4028 7553
2643 972 7553
2643 4028 7553
4028 2357 7553
4028 2643 7553
953 1444 3738
953 3556 3738
1444 953 3738
1444 4047 3738
3556 953 3738
3556 4047 3738
4047 1444 3738
4047 3556 3738
897 2301 34277
897 2699 34277
2301 897 34277
2301 4103 34277
2699 897 34277
2699 4103 34277
4103 2301 34277
4103 2699 34277
950 1481 15255
950 3519 15255
1481 950 15255
1481 4050 15255
3519 950 15255
3519 4050 15255
4050 1481 15255
4050 3519 15255
1750 2370 28257
1750 2630 28257
2370 1750 28257
2370 3250 28257
2630 1750 28257
2630 3250 28257
3250 2370 28257
3250 2630 28257
1546 1837 52287
1546 3163 52287
1837 1546 52287
1837 3454 52287
3163 1546 52287
3163 3454 52287
3454 1837 52287
3454 3163 52287
910 1550 22269
910 3450 22269
1550 910 22269
1550 4090 22269
3450 910 22269
3450 4090 22269
4090 1550 22269
4090 3450 22269
808 2000 197950
808 3000 197950
2000 808 197950
2000 4192 197950
3000 808 197950
3000 4192 197950
4192 2000 197950
4192 3000 197950
995 1987 44022
995 3013 44022
1987 995 44022
1987 4005 44022
3013 995 44022
3013 4005 44022
4005 1987 44022
4005 3013 44022
1992 2235 7541
1992 2765 7541
2235 1992 7541
2235 3008 7541
2765 1992 7541
2765 3008 7541
3008 2235 7541
3008 2765 7541
1485 2000 35970
1485 3000 35970
2000 1485 35970
2000 3515 35970
3000 1485 35970
3000 3515 35970
3515 2000 35970
3515 3000 35970
1501 2000 35741
1501 3000 35741
2000 1501 35741
2000 3499 35741
3000 1501 35741
3000 3499 35741
3499 2000 35741
3499 3000 35741
2000 2119 9916
2000 2881 9916
2119 2000 9916
2119 3000 9916
2881 2000 9916
2881 3000 9916
3000 2119 9916
3000 2881 9916
999 1945 6015
999 3055 6015
1945 999 6015
1945 4001 6015
3055 999 6015
3055 4001 6015
4001 1945 6015
4001 3055 6015
1176 1568 21649
1176 3432 21649
1568 1176 21649
1568 3824 21649
3432 1176 21649
3432 3824 21649
3824 1568 21649
3824 3432 21649
1000 1909 22727
1000 3091 22727
1909 1000 22727
1909 4000 22727
3091 1000 22727
3091 4000 22727
4000 1909 22727
4000 3091 22727
2000 2078 16459
2000 2922 16459
2078 2000 16459
2078 3000 16459
2922 2000 16459
2922 3000 16459
3000 2078 16459
3000 2922 16459
1161 2000 15364
1161 3000 15364
2000 1161 15364
2000 3839 15364
3000 1161 15364
3000 3839 15364
3839 2000 15364
3839 3000 15364
1000 2459 32594
1000 2541 32594
2459 1000 32594
2459 4000 32594
2541 1000 32594
2541 4000 32594
4000 2459 32594
4000 2541 32594
715 2000 41092
715 3000 41092
2000 715 41092
2000 4285 41092
3000 715 41092
3000 4285 41092
4285 2000 41092
4285 3000 41092
1000 1116 25059
1000 3884 25059
1116 1000 25059
1116 4000 25059
3884 1000 25059
3884 4000 25059
4000 1116 25059
4000 3884 25059
1000 2159 5398
1000 2841 5398
2159 1000 5398
2159 4000 5398
2841 1000 5398
2841 4000 5398
4000 2159 5398
4000 2841 5398
1538 2101 13684
1538 2899 13684
2101 1538 13684
2101 3462 13684
2899 1538 13684
2899 3462 13684
3462 2101 13684
3462 2899 13684
996 1979 70597
996 3021 70597
1979 996 70597
1979 4004 70597
3021 996 70597
3021 4004 70597
4004 1979 70597
4004 3021 70597
1442 1895 14182
1442 3105 14182
1895 1442 14182
1895 3558 14182
3105 1442 14182
3105 3558 14182
3558 1895 14182
3558 3105 14182
1000 2259 14276
1000 2741 14276
2259 1000 14276
2259 4000 14276
2741 1000 14276
2741 4000 14276
4000 2259 14276
4000 2741 14276
2000 2168 16905
2000 2832 16905
2168 2000 16905
2168 3000 16905
2832 2000 16905
2832 3000 16905
3000 2168 16905
3000 2832 16905
1370 1779 19420
1370 3221 19420
1779 1370 19420
1779 3630 19420
3221 1370 19420
3221 3630 19420
3630 1779 19420
3630 3221 19420
971 2140 15402
971 2860 15402
2140 971 15402
2140 4029 15402
2860 971 15402
2860 4029 15402
4029 2140 15402
4029 2860 15402
1941 2000 15744
1941 3000 15744
2000 1941 15744
2000 3059 15744
3000 1941 15744
3000 3059 15744
3059 2000 15744
3059 3000 15744
1000 2490 24063
1000 2510 24063
2490 1000 24063
2490 4000 24063
2510 1000 24063
2510 4000 24063
4000 2490 24063
4000 2510 24063
1989 2261 21880
1989 2739 21880
2261 1989 21880
2261 3011 21880
2739 1989 21880
2739 3011 21880
3011 2261 21880
3011 2739 21880
830 2310 34098
830 2690 34098
2310 830 34098
2310 4170 34098
2690 830 34098
2690 4170 34098
4170 2310 34098
4170 2690 34098
879 2268 18542
879 2732 18542
2268 879 18542
2268 4121 18542
2732 879 18542
2732 4121 18542
4121 2268 18542
4121 2732 18542
1655 2300 70996
1655 2700 70996
2300 1655 70996
2300 3345 70996
2700 1655 70996
2700 3345 70996
3345 2300 70996
3345 2700 70996
880 1000 210803
880 4000 210803
1000 880 210803
1000 4120 210803
4000 880 210803
4000 4120 210803
4120 1000 210803
4120 4000 210803
788 2380 11334
788 2620 11334
2380 788 11334
2380 4212 11334
2620 788 11334
2620 4212 11334
4212 2380 11334
4212 2620 11334
1287 2000 71512
1287 3000 71512
2000 1287 71512
2000 3713 71512
3000 1287 71512
3000 3713 71512
3713 2000 71512
3713 3000 71512
1530 2000 59085
1530 3000 59085
2000 1530 59085
2000 3470 59085
3000 1530 59085
3000 3470 59085
3470 2000 59085
3470 3000 59085
1000 1538 25642
1000 3462 25642
1538 1000 25642
1538 4000 25642
3462 1000 25642
3462 4000 25642
4000 1538 25642
4000 3462 25642
2247 2500 28143
2500 2247 28143
2500 2753 28143
2753 2500 28143
2140 2358 30206
2140 2642 30206
2358 2140 30206
2358 2860 30206
2642 2140 30206
2642 2860 30206
2860 2358 30206
2860 2642 30206
904 1654 32364
904 3346 32364
1654 904 32364
1654 4096 32364
3346 904 32364
3346 4096 32364
4096 1654 32364
4096 3346 32364
856 2000 201301
856 3000 201301
2000 856 201301
2000 4144 201301
3000 856 201301
3000 4144 201301
4144 2000 201301
4144 3000 201301
2292 2485 27533
2292 2515 27533
2485 2292 27533
2485 2708 27533
2515 2292 27533
2515 2708 27533
2708 2485 27533
2708 2515 27533
953 2316 5661
953 2684 5661
2316 953 5661
2316 4047 5661
2684 953 5661
2684 4047 5661
4047 2316 5661
4047 2684 5661
1600 2308 11521
1600 2692 11521
2308 1600 11521
2308 3400 11521
2692 1600 11521
2692 3400 11521
3400 2308 11521
3400 2692 11521
2279 2465 17282
2279 2535 17282
2465 2279 17282
2465 2721 17282
2535 2279 17282
2535 2721 17282
2721 2465 17282
2721 2535 17282
1000 1509 33792
1000 3491 33792
1509 1000 33792
1509 4000 33792
3491 1000 33792
3491 4000 33792
4000 1509 33792
4000 3491 33792
837 1618 51800
837 3382 51800
1618 837 51800
1618 4163 51800
3382 837 51800
3382 4163 51800
4163 1618 51800
4163 3382 51800
999 1991 12891
999 3009 12891
1991 999 12891
1991 4001 12891
3009 999 12891
3009 4001 12891
4001 1991 12891
4001 3009 12891
682 2000 49407
682 3000 49407
2000 682 49407
2000 4318 49407
3000 682 49407
3000 4318 49407
4318 2000 49407
4318 3000 49407
1129 2011 33239
1129 2989 33239
2011 1129 33239
2011 3871 33239
2989 1129 33239
2989 3871 33239
3871 2011 33239
3871 2989 33239
2000 2027 13222
2000 2973 13222
2027 2000 13222
2027 3000 13222
2973 2000 13222
2973 3000 13222
3000 2027 13222
3000 2973 13222
2000 2009 15752
2000 2991 15752
2009 2000 15752
2009 3000 15752
2991 2000 15752
2991 3000 15752
3000 2009 15752
3000 2991 15752
1039 2000 20187
1039 3000 20187
2000 1039 20187
2000 3961 20187
3000 1039 20187
3000 3961 20187
3961 2000 20187
3961 3000 20187
2000 2039 20353
2000 2961 20353
2039 2000 20353
2039 3000 20353
2961 2000 20353
2961 3000 20353
3000 2039 20353
3000 2961 20353
1421 2081 22331
1421 2919 22331
2081 1421 22331
2081 3579 22331
2919 1421 22331
2919 3579 22331
3579 2081 22331
3579 2919 22331
994 2047 12916
994 2953 12916
2047 994 12916
2047 4006 12916
2953 994 12916
2953 4006 12916
4006 2047 12916
4006 2953 12916
2000 2215 16964
2000 2785 16964
2215 2000 16964
2215 3000 16964
2785 2000 16964
2785 3000 16964
3000 2215 16964
3000 2785 16964
1864 2000 27715
1864 3000 27715
2000 1864 27715
2000 3136 27715
3000 1864 27715
3000 3136 27715
3136 2000 27715
3136 3000 27715
980 2349 30128
980 2651 30128
2349 980 30128
2349 4020 30128
2651 980 30128
2651 4020 30128
4020 2349 30128
4020 2651 30128
954 2343 9682
954 2657 9682
2343 954 9682
2343 4046 9682
2657 954 9682
2657 4046 9682
4046 2343 9682
4046 2657 9682
893 2373 29332
893 2627 29332
2373 893 29332
2373 4107 29332
2627 893 29332
2627 4107 29332
4107 2373 29332
4107 2627 29332
1890 2456 11559
1890 2544 11559
2456 1890 11559
2456 3110 11559
2544 1890 11559
2544 3110 11559
3110 2456 11559
3110 2544 11559
1963 2270 33238
1963 2730 33238
2270 1963 33238
2270 3037 33238
2730 1963 33238
2730 3037 33238
3037 2270 33238
3037 2730 33238
1474 1877 52666
1474 3123 52666
1877 1474 52666
1877 3526 52666
3123 1474 52666
3123 3526 52666
3526 1877 52666
3526 3123 52666
1620 1780 31363
1620 3220 31363
1780 1620 31363
1780 3380 31363
3220 1620 31363
3220 3380 31363
3380 1780 31363
3380 3220 31363
1323 2000 21045
1323 3000 21045
2000 1323 21045
2000 3677 21045
3000 1323 21045
3000 3677 21045
3677 2000 21045
3677 3000 21045
951 2280 22036
951 2720 22036
2280 951 22036
2280 4049 22036
2720 951 22036
2720 4049 22036
4049 2280 22036
4049 2720 22036
823 2270 7573
823 2730 7573
2270 823 7573
2270 4177 7573
2730 823 7573
2730 4177 7573
4177 2270 7573
4177 2730 7573
1604 1797 64501
1604 3203 64501
1797 1604 64501
1797 3396 64501
3203 1604 64501
3203 3396 64501
3396 1797 64501
3396 3203 64501
940 1724 58569
940 3276 58569
1724 940 58569
1724 4060 58569
3276 940 58569
3276 4060 58569
4060 1724 58569
4060 3276 58569
1929 2000 24318
1929 3000 24318
2000 1929 24318
2000 3071 24318
3000 1929 24318
3000 3071 24318
3071 2000 24318
3071 3000 24318
977 2479 30792
977 2521 30792
2479 977 30792
2479 4023 30792
2521 977 30792
2521 4023 30792
4023 2479 30792
4023 2521 30792
2197 2469 1723
2197 2531 1723
2469 2197 1723
2469 2803 1723
2531 2197 1723
2531 2803 1723
2803 2469 1723
2803 2531 1723
1980 2280 10191
1980 2720 10191
2280 1980 10191
2280 3020 10191
2720 1980 10191
2720 3020 10191
3020 2280 10191
3020 2720 10191
939 2492 1549
939 2508 1549
2492 939 1549
2492 4061 1549
2508 939 1549
2508 4061 1549
4061 2492 1549
4061 2508 1549
999 1790 16287
999 3210 16287
1790 999 16287
1790 4001 16287
3210 999 16287
3210 4001 16287
4001 1790 16287
4001 3210 16287
886 1703 32089
886 3297 32089
1703 886 32089
1703 4114 32089
3297 886 32089
3297 4114 32089
4114 1703 32089
4114 3297 32089
949 1581 20769
949 3419 20769
1581 949 20769
1581 4051 20769
3419 949 20769
3419 4051 20769
4051 1581 20769
4051 3419 20769
834 2500 17148
2500 834 17148
2500 4166 17148
4166 2500 17148
1268 1680 19131
1268 3320 19131
1680 1268 19131
1680 3732 19131
3320 1268 19131
3320 3732 19131
3732 1680 19131
3732 3320 19131
883 1570 26743
883 3430 26743
1570 883 26743
1570 4117 26743
3430 883 26743
3430 4117 26743
4117 1570 26743
4117 3430 26743
2000 2411 97645
2000 2589 97645
2411 2000 97645
2411 3000 97645
2589 2000 97645
2589 3000 97645
3000 2411 97645
3000 2589 97645
1692 2316 67424
1692 2684 67424
2316 1692 67424
2316 3308 67424
2684 1692 67424
2684 3308 67424
3308 2316 67424
3308 2684 67424
1287 1700 23480
1287 3300 23480
1700 1287 23480
1700 3713 23480
3300 1287 23480
3300 3713 23480
3713 1700 23480
3713 3300 23480
1805 2420 91037
1805 2580 91037
2420 1805 91037
2420 3195 91037
2580 1805 91037
2580 3195 91037
3195 2420 91037
3195 2580 91037
979 1750 35672
979 3250 35672
1750 979 35672
1750 4021 35672
3250 979 35672
3250 4021 35672
4021 1750 35672
4021 3250 35672
1790 2000 42411
1790 3000 42411
2000 1790 42411
2000 3210 42411
3000 1790 42411
3000 3210 42411
3210 2000 42411
3210 3000 42411
1095 2006 11199
1095 2994 11199
2006 1095 11199
2006 3905 11199
2994 1095 11199
2994 3905 11199
3905 2006 11199
3905 2994 11199
999 2000 47960
999 3000 47960
2000 999 47960
2000 4001 47960
3000 999 47960
3000 4001 47960
4001 2000 47960
4001 3000 47960
631 2000 147577
631 3000 147577
2000 631 147577
2000 4369 147577
3000 631 147577
3000 4369 147577
4369 2000 147577
4369 3000 147577
1996 2000 20708
1996 3000 20708
2000 1996 20708
2000 3004 20708
3000 1996 20708
3000 3004 20708
3004 2000 20708
3004 3000 20708
510 2000 33947
510 3000 33947
2000 510 33947
2000 4490 33947
3000 510 33947
3000 4490 33947
4490 2000 33947
4490 3000 33947
1000 2290 19959
1000 2710 19959
2290 1000 19959
2290 4000 19959
2710 1000 19959
2710 4000 19959
4000 2290 19959
4000 2710 19959
2000 2132 13483
2000 2868 13483
2132 2000 13483
2132 3000 13483
2868 2000 13483
2868 3000 13483
3000 2132 13483
3000 2868 13483
1000 1345 44243
1000 3655 44243
1345 1000 44243
1345 4000 44243
3655 1000 44243
3655 4000 44243
4000 1345 44243
4000 3655 44243
1000 2271 33239
1000 2729 33239
2271 1000 33239
2271 4000 33239
2729 1000 33239
2729 4000 33239
4000 2271 33239
4000 2729 33239
2000 2239 30873
2000 2761 30873
2239 2000 30873
2239 3000 30873
2761 2000 30873
2761 3000 30873
3000 2239 30873
3000 2761 30873
764 2000 54318
764 3000 54318
2000 764 54318
2000 4236 54318
3000 764 54318
3000 4236 54318
4236 2000 54318
4236 3000 54318
2133 2500 34979
2500 2133 34979
2500 2867 34979
2867 2500 34979
1000 2323 11292
1000 2677 11292
2323 1000 11292
2323 4000 11292
2677 1000 11292
2677 4000 11292
4000 2323 11292
4000 2677 11292
1000 1281 64407
1000 3719 64407
1281 1000 64407
1281 4000 64407
3719 1000 64407
3719 4000 64407
4000 1281 64407
4000 3719 64407
2000 2055 12490
2000 2945 12490
2055 2000 12490
2055 3000 12490
2945 2000 12490
2945 3000 12490
3000 2055 12490
3000 2945 12490
1602 2000 33239
1602 3000 33239
2000 1602 33239
2000 3398 33239
3000 1602 33239
3000 3398 33239
3398 2000 33239
3398 3000 33239
1982 2000 23068
1982 3000 23068
2000 1982 23068
2000 3018 23068
3000 1982 23068
3000 3018 23068
3018 2000 23068
3018 3000 23068
2000 2221 29694
2000 2779 29694
2221 2000 29694
2221 3000 29694
2779 2000 29694
2779 3000 29694
3000 2221 29694
3000 2779 29694
1000 2310 17344
1000 2690 17344
2310 1000 17344
2310 4000 17344
2690 1000 17344
2690 4000 17344
4000 2310 17344
4000 2690 17344
980 2000 48385
980 3000 48385
2000 980 48385
2000 4020 48385
3000 980 48385
3000 4020 48385
4020 2000 48385
4020 3000 48385
933 2000 184790
933 3000 184790
2000 933 184790
2000 4067 184790
3000 933 184790
3000 4067 184790
4067 2000 184790
4067 3000 184790
1000 1883 19959
1000 3117 19959
1883 1000 19959
1883 4000 19959
3117 1000 19959
3117 4000 19959
4000 1883 19959
4000 3117 19959
1561 2102 20102
1561 2898 20102
2102 1561 20102
2102 3439 20102
2898 1561 20102
2898 3439 20102
3439 2102 20102
3439 2898 20102
2021 2280 7949
2021 2720 7949
2280 2021 7949
2280 2979 7949
2720 2021 7949
2720 2979 7949
2979 2280 7949
2979 2720 7949
839 2000 21224
839 3000 21224
2000 839 21224
2000 4161 21224
3000 839 21224
3000 4161 21224
4161 2000 21224
4161 3000 21224
834 2233 26138
834 2767 26138
2233 834 26138
2233 4166 26138
2767 834 26138
2767 4166 26138
4166 2233 26138
4166 2767 26138
2000 2209 7569
2000 2791 7569
2209 2000 7569
2209 3000 7569
2791 2000 7569
2791 3000 7569
3000 2209 7569
3000 2791 7569
1000 1640 16324
1000 3360 16324
1640 1000 16324
1640 4000 16324
3360 1000 16324
3360 4000 16324
4000 1640 16324
4000 3360 16324
2000 2072 5393
2000 2928 5393
2072 2000 5393
2072 3000 5393
2928 2000 5393
2928 3000 5393
3000 2072 5393
3000 2928 5393
1954 2000 23888
1954 3000 23888
2000 1954 23888
2000 3046 23888
3000 1954 23888
3000 3046 23888
3046 2000 23888
3046 3000 23888
1000 1087 39757
1000 3913 39757
1087 1000 39757
1087 4000 39757
3913 1000 39757
3913 4000 39757
4000 1087 39757
4000 3913 39757
1000 2414 42218
1000 2586 42218
2414 1000 42218
2414 4000 42218
2586 1000 42218
2586 4000 42218
4000 2414 42218
4000 2586 42218
1000 2140 33548
1000 2860 33548
2140 1000 33548
2140 4000 33548
2860 1000 33548
2860 4000 33548
4000 2140 33548
4000 2860 33548
2000 2163 9406
2000 2837 9406
2163 2000 9406
2163 3000 9406
2837 2000 9406
2837 3000 9406
3000 2163 9406
3000 2837 9406
306 1000 18895
306 4000 18895
1000 306 18895
1000 4694 18895
4000 306 18895
4000 4694 18895
4694 1000 18895
4694 4000 18895
1000 1419 23396
1000 3581 23396
1419 1000 23396
1419 4000 23396
3581 1000 23396
3581 4000 23396
4000 1419 23396
4000 3581 23396
987 2480 13925
987 2520 13925
2480 987 13925
2480 4013 13925
2520 987 13925
2520 4013 13925
4013 2480 13925
4013 2520 13925
1000 1808 49150
1000 3192 49150
1808 1000 49150
1808 4000 49150
3192 1000 49150
3192 4000 49150
4000 1808 49150
4000 3192 49150
1000 2393 46425
1000 2607 46425
2393 1000 46425
2393 4000 46425
2607 1000 46425
2607 4000 46425
4000 2393 46425
4000 2607 46425
1000 1571 47737
1000 3429 47737
1571 1000 47737
1571 4000 47737
3429 1000 47737
3429 4000 47737
4000 1571 47737
4000 3429 47737
1494 2000 18134
1494 3000 18134
2000 1494 18134
2000 3506 18134
3000 1494 18134
3000 3506 18134
3506 2000 18134
3506 3000 18134
1000 1327 36863
1000 3673 36863
1327 1000 36863
1327 4000 36863
3673 1000 36863
3673 4000 36863
4000 1327 36863
4000 3673 36863
892 2362 5166
892 2638 5166
2362 892 5166
2362 4108 5166
2638 892 5166
2638 4108 5166
4108 2362 5166
4108 2638 5166
904 1000 326273
904 4000 326273
1000 904 326273
1000 4096 326273
4000 904 326273
4000 4096 326273
4096 1000 326273
4096 4000 326273
1956 2408 13639
1956 2592 13639
2408 1956 13639
2408 3044 13639
2592 1956 13639
2592 3044 13639
3044 2408 13639
3044 2592 13639
1000 1316 47960
1000 3684 47960
1316 1000 47960
1316 4000 47960
3684 1000 47960
3684 4000 47960
4000 1316 47960
4000 3684 47960
917 1756 14357
917 3244 14357
1756 917 14357
1756 4083 14357
3244 917 14357
3244 4083 14357
4083 1756 14357
4083 3244 14357
960 2446 28975
960 2554 28975
2446 960 28975
2446 4040 28975
2554 960 28975
2554 4040 28975
4040 2446 28975
4040 2554 28975
740 1000 316488
740 4000 316488
1000 740 316488
1000 4260 316488
4000 740 316488
4000 4260 316488
4260 1000 316488
4260 4000 316488
943 2470 13428
943 2530 13428
2470 943 13428
2470 4057 13428
2530 943 13428
2530 4057 13428
4057 2470 13428
4057 2530 13428
906 1569 14621
906 3431 14621
1569 906 14621
1569 4094 14621
3431 906 14621
3431 4094 14621
4094 1569 14621
4094 3431 14621
1716 2359 46326
1716 2641 46326
2359 1716 46326
2359 3284 46326
2641 1716 46326
2641 3284 46326
3284 2359 46326
3284 2641 46326
1000 1720 34167
1000 3280 34167
1720 1000 34167
1720 4000 34167
3280 1000 34167
3280 4000 34167
4000 1720 34167
4000 3280 34167
1000 1580 39087
1000 3420 39087
1580 1000 39087
1580 4000 39087
3420 1000 39087
3420 4000 39087
4000 1580 39087
4000 3420 39087
1000 1656 32110
1000 3344 32110
1656 1000 32110
1656 4000 32110
3344 1000 32110
3344 4000 32110
4000 1656 32110
4000 3344 32110
2000 2287 63421
2000 2713 63421
2287 2000 63421
2287 3000 63421
2713 2000 63421
2713 3000 63421
3000 2287 63421
3000 2713 63421
1000 1780 20471
1000 3220 20471
1780 1000 20471
1780 4000 20471
3220 1000 20471
3220 4000 20471
4000 1780 20471
4000 3220 20471
1265 1675 10694
1265 3325 10694
1675 1265 10694
1675 3735 10694
3325 1265 10694
3325 3735 10694
3735 1675 10694
3735 3325 10694
832 2477 23630
832 2523 23630
2477 832 23630
2477 4168 23630
2523 832 23630
2523 4168 23630
4168 2477 23630
4168 2523 23630
1620 2249 114722
1620 2751 114722
2249 1620 114722
2249 3380 114722
2751 1620 114722
2751 3380 114722
3380 2249 114722
3380 2751 114722
1640 2265 64381
1640 2735 64381
2265 1640 64381
2265 3360 64381
2735 1640 64381
2735 3360 64381
3360 2265 64381
3360 2735 64381
1620 2443 7731
1620 2557 7731
2443 1620 7731
2443 3380 7731
2557 1620 7731
2557 3380 7731
3380 2443 7731
3380 2557 7731
922 1495 18876
922 3505 18876
1495 922 18876
1495 4078 18876
3505 922 18876
3505 4078 18876
4078 1495 18876
4078 3505 18876
1462 1843 72652
1462 3157 72652
1843 1462 72652
1843 3538 72652
3157 1462 72652
3157 3538 72652
3538 1843 72652
3538 3157 72652
738 2000 388448
738 3000 388448
2000 738 388448
2000 4262 388448
3000 738 388448
3000 4262 388448
4262 2000 388448
4262 3000 388448
1660 2322 42702
1660 2678 42702
2322 1660 42702
2322 3340 42702
2678 1660 42702
2678 3340 42702
3340 2322 42702
3340 2678 42702
1600 2232 83557
1600 2768 83557
2232 1600 83557
2232 3400 83557
2768 1600 83557
2768 3400 83557
3400 2232 83557
3400 2768 83557
